0.02 1 
0.00618034 1.01902 
0.00618034 0.980979 
0.02 1 


-0.0161803 0.988244 
0.00618034 1.01902 
-0.0161803 1.01176 
-0.0161803 0.988244 


-0.0161803 0.988244 
0.00618034 0.980979 
0.00618034 1.01902 
-0.0161803 0.988244 


0.181441 0.332084 
0.290434 0.386736 
0.224428 0.470939 
0.181441 0.332084 


0.509806 0.494609 
0.55348 0.555833 
0.48689 0.584536 
0.509806 0.494609 


0.484361 0.380569 
0.509806 0.494609 
0.382221 0.448542 
0.484361 0.380569 


0.484361 0.380569 
0.551963 0.408056 
0.509806 0.494609 
0.484361 0.380569 


0.103182 0.742125 
0.0649494 0.789879 
0.02452 0.719566 
0.103182 0.742125 


0.079449 0.646393 
0.18468 0.680898 
0.103182 0.742125 
0.079449 0.646393 


0.205277 0.916675 
0.238576 0.851352 
0.250298 0.966742 
0.205277 0.916675 


0.13342 0.936358 
0.205277 0.916675 
0.178798 0.976975 
0.13342 0.936358 


0.146622 0.882972 
0.238576 0.851352 
0.205277 0.916675 
0.146622 0.882972 


0.399974 0.691594 
0.340216 0.735446 
0.313479 0.650579 
0.399974 0.691594 


0.250298 0.966742 
0.348427 0.880072 
0.341226 1.04603 
0.250298 0.966742 


0.399974 0.691594 
0.463839 0.740886 
0.389586 0.783406 
0.399974 0.691594 


0.352829 0.550036 
0.407725 0.615106 
0.313479 0.650579 
0.352829 0.550036 


0.494153 0.664832 
0.523063 0.720938 
0.463839 0.740886 
0.494153 0.664832 


0.407725 0.615106 
0.494153 0.664832 
0.399974 0.691594 
0.407725 0.615106 


0.48689 0.584536 
0.571369 0.63799 
0.494153 0.664832 
0.48689 0.584536 


0.663145 0.40691 
0.680253 0.331932 
0.744248 0.366182 
0.663145 0.40691 


0.71693 0.435566 
0.663145 0.40691 
0.744248 0.366182 
0.71693 0.435566 


0.809134 0.398446 
0.71693 0.435566 
0.744248 0.366182 
0.809134 0.398446 


0.771487 0.462693 
0.690653 0.503826 
0.71693 0.435566 
0.771487 0.462693 


0.636623 0.481653 
0.597072 0.434829 
0.663145 0.40691 
0.636623 0.481653 


0.791737 0.52818 
0.744908 0.557664 
0.771487 0.462693 
0.791737 0.52818 


0.809134 0.398446 
0.830649 0.485701 
0.771487 0.462693 
0.809134 0.398446 


0.813234 0.592062 
0.766494 0.620962 
0.744908 0.557664 
0.813234 0.592062 


0.782357 0.714962 
0.707105 0.659747 
0.766494 0.620962 
0.782357 0.714962 


0.632645 0.554712 
0.690653 0.503826 
0.697717 0.586953 
0.632645 0.554712 


0.639539 0.636668 
0.632645 0.554712 
0.697717 0.586953 
0.639539 0.636668 


0.523063 0.720938 
0.494153 0.664832 
0.574331 0.697613 
0.523063 0.720938 


0.543652 0.763988 
0.523063 0.720938 
0.574331 0.697613 
0.543652 0.763988 


0.463839 0.740886 
0.399974 0.691594 
0.494153 0.664832 
0.463839 0.740886 


0.543652 0.763988 
0.463839 0.740886 
0.523063 0.720938 
0.543652 0.763988 


0.340216 0.735446 
0.280302 0.780403 
0.247819 0.709835 
0.340216 0.735446 


0.389586 0.783406 
0.340216 0.735446 
0.399974 0.691594 
0.389586 0.783406 


0.389586 0.783406 
0.280302 0.780403 
0.340216 0.735446 
0.389586 0.783406 


0.588734 0.503691 
0.551963 0.408056 
0.597072 0.434829 
0.588734 0.503691 


0.574331 0.697613 
0.494153 0.664832 
0.571369 0.63799 
0.574331 0.697613 


0.437354 0.520486 
0.352829 0.550036 
0.382221 0.448542 
0.437354 0.520486 


0.509806 0.494609 
0.437354 0.520486 
0.382221 0.448542 
0.509806 0.494609 


0.48689 0.584536 
0.407725 0.615106 
0.437354 0.520486 
0.48689 0.584536 


0.571369 0.63799 
0.48689 0.584536 
0.55348 0.555833 
0.571369 0.63799 


0.407725 0.615106 
0.352829 0.550036 
0.437354 0.520486 
0.407725 0.615106 


0.494153 0.664832 
0.407725 0.615106 
0.48689 0.584536 
0.494153 0.664832 


0.399974 0.691594 
0.313479 0.650579 
0.407725 0.615106 
0.399974 0.691594 


0.636623 0.481653 
0.690653 0.503826 
0.632645 0.554712 
0.636623 0.481653 


0.588734 0.503691 
0.597072 0.434829 
0.636623 0.481653 
0.588734 0.503691 


0.632645 0.554712 
0.588734 0.503691 
0.636623 0.481653 
0.632645 0.554712 


0.55348 0.555833 
0.509806 0.494609 
0.588734 0.503691 
0.55348 0.555833 


0.597072 0.434829 
0.605925 0.365022 
0.663145 0.40691 
0.597072 0.434829 


0.632645 0.554712 
0.55348 0.555833 
0.588734 0.503691 
0.632645 0.554712 


0.551963 0.408056 
0.605925 0.365022 
0.597072 0.434829 
0.551963 0.408056 


0.551173 0.332419 
0.605925 0.365022 
0.551963 0.408056 
0.551173 0.332419 


0.484361 0.380569 
0.481986 0.299152 
0.551173 0.332419 
0.484361 0.380569 


0.588734 0.503691 
0.509806 0.494609 
0.551963 0.408056 
0.588734 0.503691 


0.405788 0.348298 
0.481986 0.299152 
0.484361 0.380569 
0.405788 0.348298 


0.551611 0.257323 
0.61637 0.295516 
0.551173 0.332419 
0.551611 0.257323 


0.61637 0.295516 
0.680253 0.331932 
0.605925 0.365022 
0.61637 0.295516 


0.574331 0.697613 
0.593833 0.762913 
0.543652 0.763988 
0.574331 0.697613 


0.487004 0.836181 
0.463839 0.740886 
0.543652 0.763988 
0.487004 0.836181 


0.690653 0.503826 
0.636623 0.481653 
0.71693 0.435566 
0.690653 0.503826 


0.625892 0.70525 
0.639539 0.636668 
0.707105 0.659747 
0.625892 0.70525 


0.809134 0.398446 
0.771487 0.462693 
0.71693 0.435566 
0.809134 0.398446 


0.809134 0.398446 
0.875354 0.429305 
0.830649 0.485701 
0.809134 0.398446 


0.830649 0.485701 
0.88962 0.507699 
0.841845 0.54784 
0.830649 0.485701 


0.941754 0.459426 
0.948188 0.529388 
0.88962 0.507699 
0.941754 0.459426 


0.896017 0.626668 
0.89217 0.567137 
0.955409 0.59747 
0.896017 0.626668 


0.964355 0.665907 
0.904176 0.684168 
0.896017 0.626668 
0.964355 0.665907 


0.639539 0.636668 
0.574331 0.697613 
0.571369 0.63799 
0.639539 0.636668 


0.639539 0.636668 
0.625892 0.70525 
0.574331 0.697613 
0.639539 0.636668 


0.632645 0.554712 
0.639539 0.636668 
0.571369 0.63799 
0.632645 0.554712 


0.707105 0.659747 
0.721566 0.729156 
0.625892 0.70525 
0.707105 0.659747 


0.697717 0.586953 
0.707105 0.659747 
0.639539 0.636668 
0.697717 0.586953 


0.697717 0.586953 
0.766494 0.620962 
0.707105 0.659747 
0.697717 0.586953 


0.659087 0.744319 
0.593833 0.762913 
0.625892 0.70525 
0.659087 0.744319 


0.721566 0.729156 
0.659087 0.744319 
0.625892 0.70525 
0.721566 0.729156 


0.721566 0.729156 
0.749386 0.822404 
0.659087 0.744319 
0.721566 0.729156 


0.89217 0.567137 
0.88962 0.507699 
0.948188 0.529388 
0.89217 0.567137 


0.813234 0.592062 
0.89217 0.567137 
0.896017 0.626668 
0.813234 0.592062 


0.813234 0.592062 
0.791737 0.52818 
0.841845 0.54784 
0.813234 0.592062 


0.904176 0.684168 
0.964355 0.665907 
0.974726 0.735902 
0.904176 0.684168 


0.907283 0.758645 
0.904176 0.684168 
0.974726 0.735902 
0.907283 0.758645 


0.896017 0.626668 
0.955409 0.59747 
0.964355 0.665907 
0.896017 0.626668 


0.836532 0.654833 
0.896017 0.626668 
0.904176 0.684168 
0.836532 0.654833 


0.836532 0.654833 
0.766494 0.620962 
0.813234 0.592062 
0.836532 0.654833 


0.907283 0.758645 
0.826771 0.747151 
0.865363 0.716189 
0.907283 0.758645 


0.985169 0.808456 
0.907283 0.758645 
0.974726 0.735902 
0.985169 0.808456 


0.985169 0.808456 
0.924537 0.873243 
0.907283 0.758645 
0.985169 0.808456 


0.574331 0.697613 
0.625892 0.70525 
0.593833 0.762913 
0.574331 0.697613 


0.71693 0.435566 
0.636623 0.481653 
0.663145 0.40691 
0.71693 0.435566 


0.744908 0.557664 
0.697717 0.586953 
0.690653 0.503826 
0.744908 0.557664 


0.771487 0.462693 
0.744908 0.557664 
0.690653 0.503826 
0.771487 0.462693 


0.791737 0.52818 
0.813234 0.592062 
0.744908 0.557664 
0.791737 0.52818 


0.744908 0.557664 
0.766494 0.620962 
0.697717 0.586953 
0.744908 0.557664 


0.89217 0.567137 
0.948188 0.529388 
0.955409 0.59747 
0.89217 0.567137 


0.841845 0.54784 
0.88962 0.507699 
0.89217 0.567137 
0.841845 0.54784 


0.813234 0.592062 
0.841845 0.54784 
0.89217 0.567137 
0.813234 0.592062 


0.791737 0.52818 
0.830649 0.485701 
0.841845 0.54784 
0.791737 0.52818 


0.830649 0.485701 
0.875354 0.429305 
0.88962 0.507699 
0.830649 0.485701 


0.771487 0.462693 
0.830649 0.485701 
0.791737 0.52818 
0.771487 0.462693 


0.875354 0.429305 
0.941754 0.459426 
0.88962 0.507699 
0.875354 0.429305 


0.896017 0.626668 
0.836532 0.654833 
0.813234 0.592062 
0.896017 0.626668 


0.836532 0.654833 
0.782357 0.714962 
0.766494 0.620962 
0.836532 0.654833 


0.481986 0.299152 
0.405788 0.348298 
0.408589 0.254485 
0.481986 0.299152 


0.485109 0.218183 
0.481986 0.299152 
0.408589 0.254485 
0.485109 0.218183 


0.551173 0.332419 
0.551963 0.408056 
0.484361 0.380569 
0.551173 0.332419 


0.680253 0.331932 
0.663145 0.40691 
0.605925 0.365022 
0.680253 0.331932 


0.632645 0.554712 
0.571369 0.63799 
0.55348 0.555833 
0.632645 0.554712 


0.782357 0.714962 
0.721566 0.729156 
0.707105 0.659747 
0.782357 0.714962 


0.865363 0.716189 
0.782357 0.714962 
0.836532 0.654833 
0.865363 0.716189 


0.826771 0.747151 
0.749386 0.822404 
0.782357 0.714962 
0.826771 0.747151 


0.865363 0.716189 
0.826771 0.747151 
0.782357 0.714962 
0.865363 0.716189 


0.904176 0.684168 
0.865363 0.716189 
0.836532 0.654833 
0.904176 0.684168 


0.904176 0.684168 
0.907283 0.758645 
0.865363 0.716189 
0.904176 0.684168 


0.985169 0.808456 
0.99377 0.883693 
0.924537 0.873243 
0.985169 0.808456 


0.593833 0.762913 
0.659087 0.744319 
0.652562 0.835022 
0.593833 0.762913 


0.917804 1.0448 
0.998651 0.961026 
0.998616 1.03924 
0.917804 1.0448 


0.826771 0.747151 
0.845208 0.859069 
0.749386 0.822404 
0.826771 0.747151 


0.99377 0.883693 
0.998651 0.961026 
0.917785 0.95534 
0.99377 0.883693 


0.845208 0.859069 
0.826771 0.747151 
0.907283 0.758645 
0.845208 0.859069 


0.652562 0.835022 
0.749386 0.822404 
0.684208 0.940927 
0.652562 0.835022 


0.652562 0.835022 
0.659087 0.744319 
0.749386 0.822404 
0.652562 0.835022 


0.721566 0.729156 
0.782357 0.714962 
0.749386 0.822404 
0.721566 0.729156 


0.749386 0.822404 
0.845208 0.859069 
0.814482 0.947039 
0.749386 0.822404 


0.814482 0.947039 
0.684208 0.940927 
0.749386 0.822404 
0.814482 0.947039 


0.917785 0.95534 
0.814482 0.947039 
0.845208 0.859069 
0.917785 0.95534 


0.81473 1.05292 
0.68448 1.05867 
0.814482 0.947039 
0.81473 1.05292 


0.917804 1.0448 
0.998616 1.03924 
0.993862 1.11665 
0.917804 1.0448 


0.845264 1.1409 
0.917804 1.0448 
0.924625 1.1269 
0.845264 1.1409 


0.68448 1.05867 
0.81473 1.05292 
0.754386 1.15647 
0.68448 1.05867 


0.68448 1.05867 
0.684208 0.940927 
0.814482 0.947039 
0.68448 1.05867 


0.917785 0.95534 
0.998651 0.961026 
0.917804 1.0448 
0.917785 0.95534 


0.81473 1.05292 
0.917785 0.95534 
0.917804 1.0448 
0.81473 1.05292 


0.924537 0.873243 
0.99377 0.883693 
0.917785 0.95534 
0.924537 0.873243 


0.845208 0.859069 
0.924537 0.873243 
0.917785 0.95534 
0.845208 0.859069 


0.845208 0.859069 
0.907283 0.758645 
0.924537 0.873243 
0.845208 0.859069 


0.993862 1.11665 
0.985234 1.19191 
0.924625 1.1269 
0.993862 1.11665 


0.81473 1.05292 
0.917804 1.0448 
0.845264 1.1409 
0.81473 1.05292 


0.913325 1.19474 
0.985234 1.19191 
0.974795 1.2644 
0.913325 1.19474 


0.82694 1.25291 
0.796992 1.20029 
0.856165 1.19708 
0.82694 1.25291 


0.917804 1.0448 
0.993862 1.11665 
0.924625 1.1269 
0.917804 1.0448 


0.704465 1.21259 
0.6592 1.25548 
0.652826 1.16435 
0.704465 1.21259 


0.754386 1.15647 
0.704465 1.21259 
0.652826 1.16435 
0.754386 1.15647 


0.754386 1.15647 
0.796992 1.20029 
0.704465 1.21259 
0.754386 1.15647 


0.796992 1.20029 
0.82694 1.25291 
0.752127 1.24999 
0.796992 1.20029 


0.81473 1.05292 
0.845264 1.1409 
0.754386 1.15647 
0.81473 1.05292 


0.856165 1.19708 
0.901381 1.25687 
0.82694 1.25291 
0.856165 1.19708 


0.924625 1.1269 
0.913325 1.19474 
0.856165 1.19708 
0.924625 1.1269 


0.924625 1.1269 
0.985234 1.19191 
0.913325 1.19474 
0.924625 1.1269 


0.974795 1.2644 
0.901381 1.25687 
0.913325 1.19474 
0.974795 1.2644 


0.974795 1.2644 
0.964505 1.33437 
0.904331 1.316 
0.974795 1.2644 


0.904331 1.316 
0.964505 1.33437 
0.896227 1.37351 
0.904331 1.316 


0.836766 1.34521 
0.904331 1.316 
0.896227 1.37351 
0.836766 1.34521 


0.901381 1.25687 
0.974795 1.2644 
0.904331 1.316 
0.901381 1.25687 


0.814482 0.947039 
0.917785 0.95534 
0.81473 1.05292 
0.814482 0.947039 


0.782556 1.2849 
0.752127 1.24999 
0.82694 1.25291 
0.782556 1.2849 


0.652826 1.16435 
0.68448 1.05867 
0.754386 1.15647 
0.652826 1.16435 


0.896227 1.37351 
0.964505 1.33437 
0.955621 1.40281 
0.896227 1.37351 


0.948457 1.47089 
0.893103 1.43302 
0.955621 1.40281 
0.948457 1.47089 


0.836766 1.34521 
0.82694 1.25291 
0.904331 1.316 
0.836766 1.34521 


0.904331 1.316 
0.82694 1.25291 
0.901381 1.25687 
0.904331 1.316 


0.89127 1.49246 
0.942149 1.53998 
0.878312 1.56898 
0.89127 1.49246 


0.740128 1.47481 
0.656861 1.51693 
0.63972 1.44442 
0.740128 1.47481 


0.834329 1.51405 
0.878312 1.56898 
0.815381 1.59827 
0.834329 1.51405 


0.740128 1.47481 
0.81046 1.46179 
0.777872 1.53633 
0.740128 1.47481 


0.893103 1.43302 
0.896227 1.37351 
0.955621 1.40281 
0.893103 1.43302 


0.81046 1.46179 
0.893103 1.43302 
0.89127 1.49246 
0.81046 1.46179 


0.843517 1.40695 
0.896227 1.37351 
0.893103 1.43302 
0.843517 1.40695 


0.834329 1.51405 
0.81046 1.46179 
0.89127 1.49246 
0.834329 1.51405 


0.786972 1.40978 
0.836766 1.34521 
0.843517 1.40695 
0.786972 1.40978 


0.594399 1.23666 
0.652826 1.16435 
0.6592 1.25548 
0.594399 1.23666 


0.753668 1.62872 
0.725703 1.56207 
0.777872 1.53633 
0.753668 1.62872 


0.487608 1.54785 
0.565618 1.58725 
0.520626 1.63308 
0.487608 1.54785 


0.45545 1.65067 
0.487608 1.54785 
0.520626 1.63308 
0.45545 1.65067 


0.514389 1.70119 
0.45545 1.65067 
0.520626 1.63308 
0.514389 1.70119 


0.379504 1.67085 
0.365572 1.56595 
0.45545 1.65067 
0.379504 1.67085 


0.538187 1.42963 
0.587613 1.42779 
0.532952 1.49564 
0.538187 1.42963 


0.473481 1.45229 
0.402091 1.37994 
0.477838 1.37109 
0.473481 1.45229 


0.487608 1.54785 
0.473481 1.45229 
0.532952 1.49564 
0.487608 1.54785 


0.487608 1.54785 
0.365572 1.56595 
0.422357 1.50608 
0.487608 1.54785 


0.542917 1.36395 
0.587613 1.42779 
0.538187 1.42963 
0.542917 1.36395 


0.573858 1.293 
0.594399 1.23666 
0.628306 1.29564 
0.573858 1.293 


0.656861 1.51693 
0.608897 1.56178 
0.598253 1.49412 
0.656861 1.51693 


0.740226 1.34895 
0.782556 1.2849 
0.836766 1.34521 
0.740226 1.34895 


0.665644 1.35464 
0.740226 1.34895 
0.70239 1.41355 
0.665644 1.35464 


0.717332 1.29244 
0.782556 1.2849 
0.740226 1.34895 
0.717332 1.29244 


0.786972 1.40978 
0.740226 1.34895 
0.836766 1.34521 
0.786972 1.40978 


0.896227 1.37351 
0.843517 1.40695 
0.836766 1.34521 
0.896227 1.37351 


0.740128 1.47481 
0.70239 1.41355 
0.786972 1.40978 
0.740128 1.47481 


0.628306 1.29564 
0.717332 1.29244 
0.665644 1.35464 
0.628306 1.29564 


0.6592 1.25548 
0.704465 1.21259 
0.752127 1.24999 
0.6592 1.25548 


0.82694 1.25291 
0.836766 1.34521 
0.782556 1.2849 
0.82694 1.25291 


0.725703 1.56207 
0.753668 1.62872 
0.672201 1.59936 
0.725703 1.56207 


0.81046 1.46179 
0.834329 1.51405 
0.777872 1.53633 
0.81046 1.46179 


0.843517 1.40695 
0.81046 1.46179 
0.786972 1.40978 
0.843517 1.40695 


0.843517 1.40695 
0.893103 1.43302 
0.81046 1.46179 
0.843517 1.40695 


0.948457 1.47089 
0.89127 1.49246 
0.893103 1.43302 
0.948457 1.47089 


0.948457 1.47089 
0.942149 1.53998 
0.89127 1.49246 
0.948457 1.47089 


0.786972 1.40978 
0.70239 1.41355 
0.740226 1.34895 
0.786972 1.40978 


0.725703 1.56207 
0.740128 1.47481 
0.777872 1.53633 
0.725703 1.56207 


0.740226 1.34895 
0.665644 1.35464 
0.717332 1.29244 
0.740226 1.34895 


0.63972 1.44442 
0.70239 1.41355 
0.740128 1.47481 
0.63972 1.44442 


0.63972 1.44442 
0.665644 1.35464 
0.70239 1.41355 
0.63972 1.44442 


0.598253 1.49412 
0.63972 1.44442 
0.656861 1.51693 
0.598253 1.49412 


0.587613 1.42779 
0.542917 1.36395 
0.594379 1.35317 
0.587613 1.42779 


0.598253 1.49412 
0.587613 1.42779 
0.63972 1.44442 
0.598253 1.49412 


0.598253 1.49412 
0.565618 1.58725 
0.532952 1.49564 
0.598253 1.49412 


0.796992 1.20029 
0.754386 1.15647 
0.845264 1.1409 
0.796992 1.20029 


0.856165 1.19708 
0.796992 1.20029 
0.845264 1.1409 
0.856165 1.19708 


0.924625 1.1269 
0.856165 1.19708 
0.845264 1.1409 
0.924625 1.1269 


0.913325 1.19474 
0.901381 1.25687 
0.856165 1.19708 
0.913325 1.19474 


0.752127 1.24999 
0.704465 1.21259 
0.796992 1.20029 
0.752127 1.24999 


0.717332 1.29244 
0.752127 1.24999 
0.782556 1.2849 
0.717332 1.29244 


0.717332 1.29244 
0.6592 1.25548 
0.752127 1.24999 
0.717332 1.29244 


0.753668 1.62872 
0.692875 1.66095 
0.672201 1.59936 
0.753668 1.62872 


0.619899 1.62892 
0.692875 1.66095 
0.632313 1.69515 
0.619899 1.62892 


0.608897 1.56178 
0.672201 1.59936 
0.619899 1.62892 
0.608897 1.56178 


0.598253 1.49412 
0.608897 1.56178 
0.565618 1.58725 
0.598253 1.49412 


0.656861 1.51693 
0.672201 1.59936 
0.608897 1.56178 
0.656861 1.51693 


0.656861 1.51693 
0.725703 1.56207 
0.672201 1.59936 
0.656861 1.51693 


0.532952 1.49564 
0.587613 1.42779 
0.598253 1.49412 
0.532952 1.49564 


0.508602 1.31005 
0.542917 1.36395 
0.477838 1.37109 
0.508602 1.31005 


0.400128 1.30827 
0.508602 1.31005 
0.477838 1.37109 
0.400128 1.30827 


0.463897 1.25897 
0.543453 1.23573 
0.508602 1.31005 
0.463897 1.25897 


0.594379 1.35317 
0.63972 1.44442 
0.587613 1.42779 
0.594379 1.35317 


0.508602 1.31005 
0.573858 1.293 
0.542917 1.36395 
0.508602 1.31005 


0.665644 1.35464 
0.63972 1.44442 
0.594379 1.35317 
0.665644 1.35464 


0.632313 1.69515 
0.567721 1.65977 
0.619899 1.62892 
0.632313 1.69515 


0.628306 1.29564 
0.665644 1.35464 
0.594379 1.35317 
0.628306 1.29564 


0.573858 1.293 
0.628306 1.29564 
0.594379 1.35317 
0.573858 1.293 


0.542917 1.36395 
0.573858 1.293 
0.594379 1.35317 
0.542917 1.36395 


0.543453 1.23573 
0.594399 1.23666 
0.573858 1.293 
0.543453 1.23573 


0.6592 1.25548 
0.717332 1.29244 
0.628306 1.29564 
0.6592 1.25548 


0.567721 1.65977 
0.520626 1.63308 
0.565618 1.58725 
0.567721 1.65977 


0.571174 1.73107 
0.567721 1.65977 
0.632313 1.69515 
0.571174 1.73107 


0.571174 1.73107 
0.514389 1.70119 
0.567721 1.65977 
0.571174 1.73107 


0.514389 1.70119 
0.508692 1.7681 
0.446107 1.7425 
0.514389 1.70119 


0.567721 1.65977 
0.514389 1.70119 
0.520626 1.63308 
0.567721 1.65977 


0.571174 1.73107 
0.508692 1.7681 
0.514389 1.70119 
0.571174 1.73107 


0.385652 1.76873 
0.446107 1.7425 
0.444215 1.80536 
0.385652 1.76873 


0.379504 1.67085 
0.385652 1.76873 
0.32378 1.7935 
0.379504 1.67085 


0.379504 1.67085 
0.446107 1.7425 
0.385652 1.76873 
0.379504 1.67085 


0.216456 1.53681 
0.345057 1.45786 
0.365572 1.56595 
0.216456 1.53681 


0.379504 1.67085 
0.45545 1.65067 
0.446107 1.7425 
0.379504 1.67085 


0.0145493 1.22059 
0.024514 1.28069 
-0.0243214 1.28117 
0.0145493 1.22059 


-0.0243214 1.28117 
-0.10319 1.25799 
-0.0300272 1.20353 
-0.0243214 1.28117 


0.0145493 1.22059 
0.0561709 1.19935 
0.103521 1.2578 
0.0145493 1.22059 


-0.0300272 1.20353 
0.0181821 1.17341 
0.0145493 1.22059 
-0.0300272 1.20353 


0.101573 1.08805 
0.0340869 1.09365 
0.0682153 1.05991 
0.101573 1.08805 


0.101573 1.08805 
0.0682153 1.05991 
0.0948675 1.02321 
0.101573 1.08805 


0.144947 1.12247 
0.101573 1.08805 
0.153742 1.03335 
0.144947 1.12247 


0.144947 1.12247 
0.102068 1.17624 
0.101573 1.08805 
0.144947 1.12247 


0.252185 1.1674 
0.144947 1.12247 
0.194815 1.09343 
0.252185 1.1674 


0.0543344 1.15026 
0.0181821 1.17341 
0.0185491 1.12864 
0.0543344 1.15026 


0.0340869 1.09365 
0.0543344 1.15026 
0.0185491 1.12864 
0.0340869 1.09365 


0.102068 1.17624 
0.0561709 1.19935 
0.0543344 1.15026 
0.102068 1.17624 


0.16615 1.2082 
0.102068 1.17624 
0.144947 1.12247 
0.16615 1.2082 


0.16615 1.2082 
0.103521 1.2578 
0.102068 1.17624 
0.16615 1.2082 


0.00849318 1.08203 
0.0340869 1.09365 
0.0185491 1.12864 
0.00849318 1.08203 


0.0682153 1.05991 
0.0546752 1.02311 
0.0948675 1.02321 
0.0682153 1.05991 


0.0561709 1.19935 
0.102068 1.17624 
0.103521 1.2578 
0.0561709 1.19935 


0.0181821 1.17341 
0.0561709 1.19935 
0.0145493 1.22059 
0.0181821 1.17341 


0.0181821 1.17341 
0.0543344 1.15026 
0.0561709 1.19935 
0.0181821 1.17341 


0.283073 1.25846 
0.389642 1.21648 
0.400128 1.30827 
0.283073 1.25846 


0.184858 1.31903 
0.283073 1.25846 
0.31373 1.34935 
0.184858 1.31903 


0.252185 1.1674 
0.389642 1.21648 
0.283073 1.25846 
0.252185 1.1674 


0.153742 1.03335 
0.178798 0.976975 
0.250373 1.03312 
0.153742 1.03335 


0.0340869 1.09365 
0.00849318 1.08203 
0.0307785 1.05331 
0.0340869 1.09365 


0.0180409 0.775669 
0.0649494 0.789879 
0.0181106 0.826647 
0.0180409 0.775669 


0.0798137 0.991188 
0.0463273 0.996147 
0.0327164 0.970543 
0.0798137 0.991188 


0.0859957 0.944848 
0.0327164 0.970543 
0.0512816 0.907071 
0.0859957 0.944848 


0.361463 1.13246 
0.389642 1.21648 
0.252185 1.1674 
0.361463 1.13246 


0.250373 1.03312 
0.361463 1.13246 
0.252185 1.1674 
0.250373 1.03312 


0.341226 1.04603 
0.457189 1.05805 
0.361463 1.13246 
0.341226 1.04603 


0.250373 1.03312 
0.341226 1.04603 
0.361463 1.13246 
0.250373 1.03312 


0.153742 1.03335 
0.123033 0.984919 
0.178798 0.976975 
0.153742 1.03335 


0.101573 1.08805 
0.102068 1.17624 
0.0543344 1.15026 
0.101573 1.08805 


0.0340869 1.09365 
0.101573 1.08805 
0.0543344 1.15026 
0.0340869 1.09365 


0.250298 0.966742 
0.341226 1.04603 
0.250373 1.03312 
0.250298 0.966742 


0.238576 0.851352 
0.280302 0.780403 
0.348427 0.880072 
0.238576 0.851352 


0.178798 0.976975 
0.205277 0.916675 
0.250298 0.966742 
0.178798 0.976975 


0.164115 0.824755 
0.187849 0.761453 
0.238576 0.851352 
0.164115 0.824755 


0.146622 0.882972 
0.164115 0.824755 
0.238576 0.851352 
0.146622 0.882972 


0.123033 0.984919 
0.13342 0.936358 
0.178798 0.976975 
0.123033 0.984919 


0.0929175 0.904512 
0.0512816 0.907071 
0.101422 0.860927 
0.0929175 0.904512 


0.146622 0.882972 
0.0929175 0.904512 
0.101422 0.860927 
0.146622 0.882972 


0.0859957 0.944848 
0.0512816 0.907071 
0.0929175 0.904512 
0.0859957 0.944848 


0.115036 0.804845 
0.187849 0.761453 
0.164115 0.824755 
0.115036 0.804845 


0.280302 0.780403 
0.389586 0.783406 
0.348427 0.880072 
0.280302 0.780403 


0.457189 1.05805 
0.486969 1.16348 
0.361463 1.13246 
0.457189 1.05805 


0.103521 1.2578 
0.0796676 1.35369 
0.024514 1.28069 
0.103521 1.2578 


0.252185 1.1674 
0.283073 1.25846 
0.16615 1.2082 
0.252185 1.1674 


0.216456 1.53681 
0.297967 1.67487 
0.213298 1.65385 
0.216456 1.53681 


0.16615 1.2082 
0.283073 1.25846 
0.184858 1.31903 
0.16615 1.2082 


0.477838 1.37109 
0.542917 1.36395 
0.538187 1.42963 
0.477838 1.37109 


0.153742 1.03335 
0.0948675 1.02321 
0.123033 0.984919 
0.153742 1.03335 


0.463897 1.25897 
0.389642 1.21648 
0.486969 1.16348 
0.463897 1.25897 


0.573858 1.293 
0.508602 1.31005 
0.543453 1.23573 
0.573858 1.293 


0.400128 1.30827 
0.389642 1.21648 
0.463897 1.25897 
0.400128 1.30827 


0.103521 1.2578 
0.184858 1.31903 
0.0796676 1.35369 
0.103521 1.2578 


0.0145493 1.22059 
0.103521 1.2578 
0.024514 1.28069 
0.0145493 1.22059 


0.16615 1.2082 
0.184858 1.31903 
0.103521 1.2578 
0.16615 1.2082 


0.6592 1.25548 
0.628306 1.29564 
0.594399 1.23666 
0.6592 1.25548 


0.402091 1.37994 
0.345057 1.45786 
0.31373 1.34935 
0.402091 1.37994 


0.477838 1.37109 
0.402091 1.37994 
0.400128 1.30827 
0.477838 1.37109 


0.477838 1.37109 
0.538187 1.42963 
0.473481 1.45229 
0.477838 1.37109 


0.463897 1.25897 
0.508602 1.31005 
0.400128 1.30827 
0.463897 1.25897 


0.538187 1.42963 
0.532952 1.49564 
0.473481 1.45229 
0.538187 1.42963 


0.2176 1.3979 
0.0796676 1.35369 
0.184858 1.31903 
0.2176 1.3979 


0.216456 1.53681 
0.213298 1.65385 
0.111104 1.57756 
0.216456 1.53681 


0.10954 1.46063 
0.216456 1.53681 
0.111104 1.57756 
0.10954 1.46063 


0.2176 1.3979 
0.31373 1.34935 
0.345057 1.45786 
0.2176 1.3979 


0.0796676 1.35369 
0.2176 1.3979 
0.10954 1.46063 
0.0796676 1.35369 


0.365572 1.56595 
0.379504 1.67085 
0.297967 1.67487 
0.365572 1.56595 


0.216456 1.53681 
0.365572 1.56595 
0.297967 1.67487 
0.216456 1.53681 


0.422357 1.50608 
0.402091 1.37994 
0.473481 1.45229 
0.422357 1.50608 


0.2176 1.3979 
0.345057 1.45786 
0.216456 1.53681 
0.2176 1.3979 


0.31373 1.34935 
0.400128 1.30827 
0.402091 1.37994 
0.31373 1.34935 


0.619899 1.62892 
0.565618 1.58725 
0.608897 1.56178 
0.619899 1.62892 


0.692875 1.66095 
0.619899 1.62892 
0.672201 1.59936 
0.692875 1.66095 


0.567721 1.65977 
0.565618 1.58725 
0.619899 1.62892 
0.567721 1.65977 


0.514389 1.70119 
0.446107 1.7425 
0.45545 1.65067 
0.514389 1.70119 


0.444215 1.80536 
0.446107 1.7425 
0.508692 1.7681 
0.444215 1.80536 


0.444215 1.80536 
0.377342 1.84171 
0.385652 1.76873 
0.444215 1.80536 


0.422357 1.50608 
0.365572 1.56595 
0.345057 1.45786 
0.422357 1.50608 


0.402091 1.37994 
0.422357 1.50608 
0.345057 1.45786 
0.402091 1.37994 


0.473481 1.45229 
0.487608 1.54785 
0.422357 1.50608 
0.473481 1.45229 


0.565618 1.58725 
0.487608 1.54785 
0.532952 1.49564 
0.565618 1.58725 


0.45545 1.65067 
0.365572 1.56595 
0.487608 1.54785 
0.45545 1.65067 


0.377342 1.84171 
0.32378 1.7935 
0.385652 1.76873 
0.377342 1.84171 


0.31373 1.34935 
0.2176 1.3979 
0.184858 1.31903 
0.31373 1.34935 


0.32378 1.7935 
0.297967 1.67487 
0.379504 1.67085 
0.32378 1.7935 


0.308391 1.87594 
0.32378 1.7935 
0.377342 1.84171 
0.308391 1.87594 


0.308391 1.87594 
0.238415 1.90705 
0.186532 1.86701 
0.308391 1.87594 


0.241624 1.77578 
0.297967 1.67487 
0.32378 1.7935 
0.241624 1.77578 


0.308391 1.87594 
0.241624 1.77578 
0.32378 1.7935 
0.308391 1.87594 


0.162094 1.76103 
0.213298 1.65385 
0.241624 1.77578 
0.162094 1.76103 


0.111104 1.57756 
0.213298 1.65385 
0.0832363 1.68217 
0.111104 1.57756 


0.216456 1.53681 
0.10954 1.46063 
0.2176 1.3979 
0.216456 1.53681 


0.308391 1.87594 
0.186532 1.86701 
0.241624 1.77578 
0.308391 1.87594 


0.186532 1.86701 
0.132423 1.82796 
0.241624 1.77578 
0.186532 1.86701 


0.131856 1.87845 
0.186532 1.86701 
0.169964 1.93553 
0.131856 1.87845 


0.132423 1.82796 
0.131856 1.87845 
0.0784292 1.89051 
0.132423 1.82796 


0.132423 1.82796 
0.186532 1.86701 
0.131856 1.87845 
0.132423 1.82796 


0.0180755 1.87183 
0.0726112 1.81143 
0.0784292 1.89051 
0.0180755 1.87183 


0.162094 1.76103 
0.241624 1.77578 
0.132423 1.82796 
0.162094 1.76103 


0.0894173 1.75801 
0.162094 1.76103 
0.132423 1.82796 
0.0894173 1.75801 


0.0832363 1.68217 
0.0894173 1.75801 
0.0249383 1.75141 
0.0832363 1.68217 


0.0832363 1.68217 
0.162094 1.76103 
0.0894173 1.75801 
0.0832363 1.68217 


0.213298 1.65385 
0.297967 1.67487 
0.241624 1.77578 
0.213298 1.65385 


0.105539 1.96402 
0.131856 1.87845 
0.169964 1.93553 
0.105539 1.96402 


0.0784292 1.89051 
0.131856 1.87845 
0.105539 1.96402 
0.0784292 1.89051 


0.0490525 1.99352 
0.0337161 1.93242 
0.105539 1.96402 
0.0490525 1.99352 


0.132423 1.82796 
0.0726112 1.81143 
0.0894173 1.75801 
0.132423 1.82796 


-0.00756483 1.96248 
0.0337161 1.93242 
0.0490525 1.99352 
-0.00756483 1.96248 


-0.0409227 1.93281 
-0.00756483 1.96248 
-0.0481446 1.99369 
-0.0409227 1.93281 


-0.0409227 1.93281 
0.0337161 1.93242 
-0.00756483 1.96248 
-0.0409227 1.93281 


-0.104754 1.96432 
-0.0409227 1.93281 
-0.0481446 1.99369 
-0.104754 1.96432 


-0.0339253 1.87251 
0.0180755 1.87183 
-0.0409227 1.93281 
-0.0339253 1.87251 


0.213298 1.65385 
0.162094 1.76103 
0.0832363 1.68217 
0.213298 1.65385 


0.169964 1.93553 
0.186532 1.86701 
0.238415 1.90705 
0.169964 1.93553 


0.0726112 1.81143 
0.00082589 1.81015 
0.0249383 1.75141 
0.0726112 1.81143 


0.0894173 1.75801 
0.0726112 1.81143 
0.0249383 1.75141 
0.0894173 1.75801 


0.132423 1.82796 
0.0784292 1.89051 
0.0726112 1.81143 
0.132423 1.82796 


0.0180755 1.87183 
0.00082589 1.81015 
0.0726112 1.81143 
0.0180755 1.87183 


0.0337161 1.93242 
0.0180755 1.87183 
0.0784292 1.89051 
0.0337161 1.93242 


0.105539 1.96402 
0.0337161 1.93242 
0.0784292 1.89051 
0.105539 1.96402 


0.0490525 1.99352 
0.000510983 2.02167 
-0.00756483 1.96248 
0.0490525 1.99352 


-0.0409227 1.93281 
-0.104754 1.96432 
-0.117301 1.89494 
-0.0409227 1.93281 


-0.0269112 1.75166 
0.0249383 1.75141 
0.00082589 1.81015 
-0.0269112 1.75166 


-0.00756483 1.96248 
0.000510983 2.02167 
-0.0481446 1.99369 
-0.00756483 1.96248 


-0.117301 1.89494 
-0.104754 1.96432 
-0.16934 1.93594 
-0.117301 1.89494 


-0.0806119 1.84965 
-0.117301 1.89494 
-0.131827 1.82845 
-0.0806119 1.84965 


-0.0339253 1.87251 
-0.0409227 1.93281 
-0.117301 1.89494 
-0.0339253 1.87251 


-0.0806119 1.84965 
-0.0339253 1.87251 
-0.117301 1.89494 
-0.0806119 1.84965 


-0.077889 1.79138 
-0.0806119 1.84965 
-0.131827 1.82845 
-0.077889 1.79138 


-0.077889 1.79138 
0.00082589 1.81015 
-0.0806119 1.84965 
-0.077889 1.79138 


0.0180755 1.87183 
0.0337161 1.93242 
-0.0409227 1.93281 
0.0180755 1.87183 


-0.117301 1.89494 
-0.16934 1.93594 
-0.186062 1.8674 
-0.117301 1.89494 


-0.186062 1.8674 
-0.16934 1.93594 
-0.237876 1.90748 
-0.186062 1.8674 


-0.240127 1.8229 
-0.186062 1.8674 
-0.237876 1.90748 
-0.240127 1.8229 


-0.131827 1.82845 
-0.117301 1.89494 
-0.186062 1.8674 
-0.131827 1.82845 


-0.0829542 1.68251 
-0.077889 1.79138 
-0.161547 1.76118 
-0.0829542 1.68251 


0.00082589 1.81015 
0.0180755 1.87183 
-0.0339253 1.87251 
0.00082589 1.81015 


-0.240127 1.8229 
-0.131827 1.82845 
-0.186062 1.8674 
-0.240127 1.8229 


-0.307784 1.87637 
-0.240127 1.8229 
-0.237876 1.90748 
-0.307784 1.87637 


-0.31248 1.81166 
-0.26143 1.73532 
-0.240127 1.8229 
-0.31248 1.81166 


-0.0806119 1.84965 
0.00082589 1.81015 
-0.0339253 1.87251 
-0.0806119 1.84965 


-0.161547 1.76118 
-0.077889 1.79138 
-0.131827 1.82845 
-0.161547 1.76118 


-0.0269112 1.75166 
0.00082589 1.81015 
-0.077889 1.79138 
-0.0269112 1.75166 


-0.077889 1.79138 
-0.0829542 1.68251 
-0.0269112 1.75166 
-0.077889 1.79138 


-0.307784 1.87637 
-0.31248 1.81166 
-0.240127 1.8229 
-0.307784 1.87637 


-0.31248 1.81166 
-0.376858 1.8421 
-0.376578 1.78206 
-0.31248 1.81166 


-0.376578 1.78206 
-0.443672 1.80573 
-0.445545 1.74288 
-0.376578 1.78206 


-0.0829542 1.68251 
-0.161547 1.76118 
-0.210107 1.63149 
-0.0829542 1.68251 


-0.215894 1.5371 
-0.303148 1.60924 
-0.342665 1.50044 
-0.215894 1.5371 


-0.0829542 1.68251 
-0.210107 1.63149 
-0.11054 1.57792 
-0.0829542 1.68251 


-0.161547 1.76118 
-0.26143 1.73532 
-0.210107 1.63149 
-0.161547 1.76118 


-0.31248 1.81166 
-0.375877 1.71197 
-0.26143 1.73532 
-0.31248 1.81166 


-0.131827 1.82845 
-0.240127 1.8229 
-0.161547 1.76118 
-0.131827 1.82845 


-0.307784 1.87637 
-0.376858 1.8421 
-0.31248 1.81166 
-0.307784 1.87637 


-0.445545 1.74288 
-0.508123 1.7685 
-0.513819 1.70159 
-0.445545 1.74288 


-0.567157 1.6602 
-0.570601 1.73149 
-0.63174 1.69559 
-0.567157 1.6602 


-0.608347 1.56221 
-0.564172 1.59745 
-0.619335 1.62936 
-0.608347 1.56221 


-0.520072 1.63348 
-0.513819 1.70159 
-0.567157 1.6602 
-0.520072 1.63348 


-0.26143 1.73532 
-0.161547 1.76118 
-0.240127 1.8229 
-0.26143 1.73532 


-0.303148 1.60924 
-0.26143 1.73532 
-0.375877 1.71197 
-0.303148 1.60924 


-0.453934 1.67002 
-0.385634 1.61894 
-0.375877 1.71197 
-0.453934 1.67002 


-0.445545 1.74288 
-0.453934 1.67002 
-0.375877 1.71197 
-0.445545 1.74288 


-0.520072 1.63348 
-0.526396 1.56475 
-0.462528 1.57744 
-0.520072 1.63348 


-0.215894 1.5371 
-0.109119 1.46082 
-0.11054 1.57792 
-0.215894 1.5371 


-0.303148 1.60924 
-0.215894 1.5371 
-0.210107 1.63149 
-0.303148 1.60924 


-0.217176 1.39808 
-0.109119 1.46082 
-0.215894 1.5371 
-0.217176 1.39808 


-0.303148 1.60924 
-0.210107 1.63149 
-0.26143 1.73532 
-0.303148 1.60924 


-0.889665 0.508467 
-0.875516 0.430069 
-0.830732 0.486402 
-0.889665 0.508467 


-0.799685 0.535966 
-0.841329 0.59395 
-0.892119 0.567894 
-0.799685 0.535966 


-0.77162 0.46332 
-0.799685 0.535966 
-0.830732 0.486402 
-0.77162 0.46332 


-0.768787 0.585244 
-0.841329 0.59395 
-0.799685 0.535966 
-0.768787 0.585244 


-0.77162 0.46332 
-0.830732 0.486402 
-0.80936 0.399131 
-0.77162 0.46332 


-0.744548 0.366783 
-0.717124 0.43613 
-0.80936 0.399131 
-0.744548 0.366783 


-0.805175 0.643215 
-0.782073 0.715614 
-0.843426 0.700929 
-0.805175 0.643215 


-0.485673 0.421241 
-0.552211 0.408372 
-0.551563 0.332725 
-0.485673 0.421241 


-0.410505 0.463567 
-0.485673 0.421241 
-0.406129 0.348386 
-0.410505 0.463567 


-0.410505 0.463567 
-0.487048 0.513841 
-0.485673 0.421241 
-0.410505 0.463567 


-0.68063 0.332438 
-0.60626 0.365415 
-0.663398 0.407393 
-0.68063 0.332438 


-0.482433 0.299375 
-0.48572 0.218409 
-0.42637 0.265875 
-0.482433 0.299375 


-0.616818 0.295925 
-0.552132 0.257643 
-0.551563 0.332725 
-0.616818 0.295925 


-0.485673 0.421241 
-0.487048 0.513841 
-0.553086 0.482952 
-0.485673 0.421241 


-0.321232 0.405222 
-0.410505 0.463567 
-0.406129 0.348386 
-0.321232 0.405222 


-0.321232 0.405222 
-0.224544 0.470744 
-0.323154 0.531274 
-0.321232 0.405222 


-0.62565 0.705799 
-0.661615 0.647102 
-0.57137 0.638414 
-0.62565 0.705799 


-0.592852 0.763973 
-0.62565 0.705799 
-0.552421 0.697555 
-0.592852 0.763973 


-0.592852 0.763973 
-0.675244 0.754409 
-0.62565 0.705799 
-0.592852 0.763973 


-0.661615 0.647102 
-0.664812 0.571693 
-0.616149 0.555882 
-0.661615 0.647102 


-0.675244 0.754409 
-0.721236 0.729636 
-0.62565 0.705799 
-0.675244 0.754409 


-0.721236 0.729636 
-0.782073 0.715614 
-0.720925 0.681054 
-0.721236 0.729636 


-0.720925 0.681054 
-0.661615 0.647102 
-0.62565 0.705799 
-0.720925 0.681054 


-0.805175 0.643215 
-0.744535 0.633444 
-0.782073 0.715614 
-0.805175 0.643215 


-0.805175 0.643215 
-0.768787 0.585244 
-0.744535 0.633444 
-0.805175 0.643215 


-0.717124 0.43613 
-0.636762 0.482092 
-0.685155 0.504675 
-0.717124 0.43613 


-0.597286 0.43521 
-0.552211 0.408372 
-0.553086 0.482952 
-0.597286 0.43521 


-0.636762 0.482092 
-0.597286 0.43521 
-0.553086 0.482952 
-0.636762 0.482092 


-0.685155 0.504675 
-0.636762 0.482092 
-0.616149 0.555882 
-0.685155 0.504675 


-0.734375 0.525945 
-0.685155 0.504675 
-0.664812 0.571693 
-0.734375 0.525945 


-0.734375 0.525945 
-0.717124 0.43613 
-0.685155 0.504675 
-0.734375 0.525945 


-0.717124 0.43613 
-0.663398 0.407393 
-0.636762 0.482092 
-0.717124 0.43613 


-0.663398 0.407393 
-0.60626 0.365415 
-0.597286 0.43521 
-0.663398 0.407393 


-0.616818 0.295925 
-0.60626 0.365415 
-0.68063 0.332438 
-0.616818 0.295925 


-0.616149 0.555882 
-0.553086 0.482952 
-0.553533 0.55611 
-0.616149 0.555882 


-0.68063 0.332438 
-0.663398 0.407393 
-0.744548 0.366783 
-0.68063 0.332438 


-0.744548 0.366783 
-0.663398 0.407393 
-0.717124 0.43613 
-0.744548 0.366783 


-0.799685 0.535966 
-0.77162 0.46332 
-0.734375 0.525945 
-0.799685 0.535966 


-0.895867 0.627415 
-0.892119 0.567894 
-0.841329 0.59395 
-0.895867 0.627415 


-0.875516 0.430069 
-0.80936 0.399131 
-0.830732 0.486402 
-0.875516 0.430069 


-0.62565 0.705799 
-0.721236 0.729636 
-0.720925 0.681054 
-0.62565 0.705799 


-0.651809 0.835421 
-0.675244 0.754409 
-0.592852 0.763973 
-0.651809 0.835421 


-0.651809 0.835421 
-0.744026 0.802267 
-0.675244 0.754409 
-0.651809 0.835421 


-0.892119 0.567894 
-0.955306 0.598297 
-0.948191 0.53023 
-0.892119 0.567894 


-0.734375 0.525945 
-0.768787 0.585244 
-0.799685 0.535966 
-0.734375 0.525945 


-0.717124 0.43613 
-0.734375 0.525945 
-0.77162 0.46332 
-0.717124 0.43613 


-0.80936 0.399131 
-0.717124 0.43613 
-0.77162 0.46332 
-0.80936 0.399131 


-0.663398 0.407393 
-0.597286 0.43521 
-0.636762 0.482092 
-0.663398 0.407393 


-0.744535 0.633444 
-0.661615 0.647102 
-0.720925 0.681054 
-0.744535 0.633444 


-0.782073 0.715614 
-0.744535 0.633444 
-0.720925 0.681054 
-0.782073 0.715614 


-0.768787 0.585244 
-0.664812 0.571693 
-0.744535 0.633444 
-0.768787 0.585244 


-0.90395 0.684883 
-0.906962 0.759319 
-0.97444 0.736642 
-0.90395 0.684883 


-0.895867 0.627415 
-0.90395 0.684883 
-0.964152 0.666702 
-0.895867 0.627415 


-0.843426 0.700929 
-0.906962 0.759319 
-0.90395 0.684883 
-0.843426 0.700929 


-0.805175 0.643215 
-0.843426 0.700929 
-0.895867 0.627415 
-0.805175 0.643215 


-0.841329 0.59395 
-0.805175 0.643215 
-0.895867 0.627415 
-0.841329 0.59395 


-0.841329 0.59395 
-0.768787 0.585244 
-0.805175 0.643215 
-0.841329 0.59395 


-0.892119 0.567894 
-0.889665 0.508467 
-0.799685 0.535966 
-0.892119 0.567894 


-0.955306 0.598297 
-0.892119 0.567894 
-0.895867 0.627415 
-0.955306 0.598297 


-0.948191 0.53023 
-0.889665 0.508467 
-0.892119 0.567894 
-0.948191 0.53023 


-0.889665 0.508467 
-0.941863 0.460273 
-0.875516 0.430069 
-0.889665 0.508467 


-0.799685 0.535966 
-0.889665 0.508467 
-0.830732 0.486402 
-0.799685 0.535966 


-0.948191 0.53023 
-0.941863 0.460273 
-0.889665 0.508467 
-0.948191 0.53023 


-0.734375 0.525945 
-0.664812 0.571693 
-0.768787 0.585244 
-0.734375 0.525945 


-0.744535 0.633444 
-0.664812 0.571693 
-0.661615 0.647102 
-0.744535 0.633444 


-0.91107 0.827547 
-0.837985 0.819665 
-0.913299 0.901139 
-0.91107 0.827547 


-0.782073 0.715614 
-0.826439 0.747759 
-0.843426 0.700929 
-0.782073 0.715614 


-0.782073 0.715614 
-0.744026 0.802267 
-0.826439 0.747759 
-0.782073 0.715614 


-0.895867 0.627415 
-0.964152 0.666702 
-0.955306 0.598297 
-0.895867 0.627415 


-0.744026 0.802267 
-0.782073 0.715614 
-0.721236 0.729636 
-0.744026 0.802267 


-0.826439 0.747759 
-0.906962 0.759319 
-0.843426 0.700929 
-0.826439 0.747759 


-0.651809 0.835421 
-0.683919 0.941506 
-0.744026 0.802267 
-0.651809 0.835421 


-0.837985 0.819665 
-0.826439 0.747759 
-0.744026 0.802267 
-0.837985 0.819665 


-0.90395 0.684883 
-0.895867 0.627415 
-0.843426 0.700929 
-0.90395 0.684883 


-0.91107 0.827547 
-0.913299 0.901139 
-0.993447 0.884427 
-0.91107 0.827547 


-0.906962 0.759319 
-0.91107 0.827547 
-0.984876 0.809136 
-0.906962 0.759319 


-0.906962 0.759319 
-0.837985 0.819665 
-0.91107 0.827547 
-0.906962 0.759319 


-0.906962 0.759319 
-0.826439 0.747759 
-0.837985 0.819665 
-0.906962 0.759319 


-0.97444 0.736642 
-0.906962 0.759319 
-0.984876 0.809136 
-0.97444 0.736642 


-0.97444 0.736642 
-0.964152 0.666702 
-0.90395 0.684883 
-0.97444 0.736642 


-0.744026 0.802267 
-0.683919 0.941506 
-0.814035 0.947562 
-0.744026 0.802267 


-0.675244 0.754409 
-0.744026 0.802267 
-0.721236 0.729636 
-0.675244 0.754409 


-0.913299 0.901139 
-0.998237 0.961754 
-0.993447 0.884427 
-0.913299 0.901139 


-0.744026 0.802267 
-0.814035 0.947562 
-0.837985 0.819665 
-0.744026 0.802267 


-0.814035 0.947562 
-0.684012 1.05914 
-0.811639 1.08333 
-0.814035 0.947562 


-0.984876 0.809136 
-0.91107 0.827547 
-0.993447 0.884427 
-0.984876 0.809136 


-0.753902 1.15695 
-0.684012 1.05914 
-0.652264 1.1647 
-0.753902 1.15695 


-0.880211 1.11431 
-0.91742 1.04538 
-0.811639 1.08333 
-0.880211 1.11431 


-0.916131 1.18533 
-0.880211 1.11431 
-0.83793 1.18137 
-0.916131 1.18533 


-0.916131 1.18533 
-0.984728 1.1925 
-0.94041 1.11485 
-0.916131 1.18533 


-0.814035 0.947562 
-0.683919 0.941506 
-0.684012 1.05914 
-0.814035 0.947562 


-0.91742 1.04538 
-0.814035 0.947562 
-0.811639 1.08333 
-0.91742 1.04538 


-0.913299 0.901139 
-0.837985 0.819665 
-0.814035 0.947562 
-0.913299 0.901139 


-0.917995 0.973063 
-0.913299 0.901139 
-0.814035 0.947562 
-0.917995 0.973063 


-0.99828 1.03983 
-0.917995 0.973063 
-0.91742 1.04538 
-0.99828 1.03983 


-0.998237 0.961754 
-0.913299 0.901139 
-0.917995 0.973063 
-0.998237 0.961754 


-0.91742 1.04538 
-0.917995 0.973063 
-0.814035 0.947562 
-0.91742 1.04538 


-0.83793 1.18137 
-0.880211 1.11431 
-0.811639 1.08333 
-0.83793 1.18137 


-0.99828 1.03983 
-0.998237 0.961754 
-0.917995 0.973063 
-0.99828 1.03983 


-0.658553 1.25579 
-0.652264 1.1647 
-0.593423 1.23659 
-0.658553 1.25579 


-0.811639 1.08333 
-0.753902 1.15695 
-0.83793 1.18137 
-0.811639 1.08333 


-0.811639 1.08333 
-0.684012 1.05914 
-0.753902 1.15695 
-0.811639 1.08333 


-0.658553 1.25579 
-0.703926 1.21304 
-0.652264 1.1647 
-0.658553 1.25579 


-0.94041 1.11485 
-0.91742 1.04538 
-0.880211 1.11431 
-0.94041 1.11485 


-0.916131 1.18533 
-0.94041 1.11485 
-0.880211 1.11431 
-0.916131 1.18533 


-0.993345 1.11725 
-0.99828 1.03983 
-0.94041 1.11485 
-0.993345 1.11725 


-0.94041 1.11485 
-0.99828 1.03983 
-0.91742 1.04538 
-0.94041 1.11485 


-0.94041 1.11485 
-0.984728 1.1925 
-0.993345 1.11725 
-0.94041 1.11485 


-0.900865 1.25742 
-0.916131 1.18533 
-0.83793 1.18137 
-0.900865 1.25742 


-0.900865 1.25742 
-0.974275 1.26497 
-0.916131 1.18533 
-0.900865 1.25742 


-0.751519 1.25049 
-0.781984 1.28537 
-0.826401 1.25344 
-0.751519 1.25049 


-0.703926 1.21304 
-0.751519 1.25049 
-0.753902 1.15695 
-0.703926 1.21304 


-0.652264 1.1647 
-0.703926 1.21304 
-0.753902 1.15695 
-0.652264 1.1647 


-0.658553 1.25579 
-0.751519 1.25049 
-0.703926 1.21304 
-0.658553 1.25579 


-0.658553 1.25579 
-0.605263 1.30514 
-0.716746 1.29293 
-0.658553 1.25579 


-0.605263 1.30514 
-0.658553 1.25579 
-0.593423 1.23659 
-0.605263 1.30514 


-0.605263 1.30514 
-0.665177 1.3551 
-0.716746 1.29293 
-0.605263 1.30514 


-0.826401 1.25344 
-0.836205 1.34571 
-0.90379 1.31654 
-0.826401 1.25344 


-0.916131 1.18533 
-0.974275 1.26497 
-0.984728 1.1925 
-0.916131 1.18533 


-0.826401 1.25344 
-0.900865 1.25742 
-0.83793 1.18137 
-0.826401 1.25344 


-0.753902 1.15695 
-0.751519 1.25049 
-0.83793 1.18137 
-0.753902 1.15695 


-0.781984 1.28537 
-0.836205 1.34571 
-0.826401 1.25344 
-0.781984 1.28537 


-0.83793 1.18137 
-0.751519 1.25049 
-0.826401 1.25344 
-0.83793 1.18137 


-0.632518 1.47525 
-0.61331 1.41393 
-0.561193 1.44304 
-0.632518 1.47525 


-0.608347 1.56221 
-0.632518 1.47525 
-0.563268 1.5146 
-0.608347 1.56221 


-0.651967 1.53774 
-0.697639 1.49585 
-0.632518 1.47525 
-0.651967 1.53774 


-0.795206 1.47282 
-0.81462 1.40922 
-0.724322 1.40079 
-0.795206 1.47282 


-0.777313 1.53679 
-0.795206 1.47282 
-0.697639 1.49585 
-0.777313 1.53679 


-0.777313 1.53679 
-0.814812 1.59876 
-0.83377 1.51455 
-0.777313 1.53679 


-0.665177 1.3551 
-0.61331 1.41393 
-0.670219 1.42909 
-0.665177 1.3551 


-0.90379 1.31654 
-0.974275 1.26497 
-0.900865 1.25742 
-0.90379 1.31654 


-0.941585 1.5405 
-0.947905 1.47142 
-0.890711 1.49297 
-0.941585 1.5405 


-0.895679 1.37403 
-0.892551 1.43354 
-0.955077 1.40334 
-0.895679 1.37403 


-0.963971 1.33493 
-0.90379 1.31654 
-0.895679 1.37403 
-0.963971 1.33493 


-0.781984 1.28537 
-0.716746 1.29293 
-0.751123 1.35066 
-0.781984 1.28537 


-0.777313 1.53679 
-0.725139 1.56255 
-0.753103 1.62919 
-0.777313 1.53679 


-0.83377 1.51455 
-0.890711 1.49297 
-0.843774 1.45301 
-0.83377 1.51455 


-0.724322 1.40079 
-0.665177 1.3551 
-0.670219 1.42909 
-0.724322 1.40079 


-0.697639 1.49585 
-0.795206 1.47282 
-0.724322 1.40079 
-0.697639 1.49585 


-0.836205 1.34571 
-0.781984 1.28537 
-0.751123 1.35066 
-0.836205 1.34571 


-0.895679 1.37403 
-0.836205 1.34571 
-0.81462 1.40922 
-0.895679 1.37403 


-0.963971 1.33493 
-0.895679 1.37403 
-0.955077 1.40334 
-0.963971 1.33493 


-0.90379 1.31654 
-0.836205 1.34571 
-0.895679 1.37403 
-0.90379 1.31654 


-0.974275 1.26497 
-0.90379 1.31654 
-0.963971 1.33493 
-0.974275 1.26497 


-0.900865 1.25742 
-0.826401 1.25344 
-0.90379 1.31654 
-0.900865 1.25742 


-0.892551 1.43354 
-0.895679 1.37403 
-0.81462 1.40922 
-0.892551 1.43354 


-0.795206 1.47282 
-0.843774 1.45301 
-0.81462 1.40922 
-0.795206 1.47282 


-0.890711 1.49297 
-0.947905 1.47142 
-0.892551 1.43354 
-0.890711 1.49297 


-0.543573 1.23684 
-0.546727 1.29937 
-0.593423 1.23659 
-0.543573 1.23684 


-0.83377 1.51455 
-0.814812 1.59876 
-0.877742 1.56948 
-0.83377 1.51455 


-0.777313 1.53679 
-0.753103 1.62919 
-0.814812 1.59876 
-0.777313 1.53679 


-0.697639 1.49585 
-0.725139 1.56255 
-0.777313 1.53679 
-0.697639 1.49585 


-0.724322 1.40079 
-0.751123 1.35066 
-0.665177 1.3551 
-0.724322 1.40079 


-0.697639 1.49585 
-0.724322 1.40079 
-0.670219 1.42909 
-0.697639 1.49585 


-0.81462 1.40922 
-0.751123 1.35066 
-0.724322 1.40079 
-0.81462 1.40922 


-0.892551 1.43354 
-0.947905 1.47142 
-0.955077 1.40334 
-0.892551 1.43354 


-0.843774 1.45301 
-0.890711 1.49297 
-0.892551 1.43354 
-0.843774 1.45301 


-0.81462 1.40922 
-0.843774 1.45301 
-0.892551 1.43354 
-0.81462 1.40922 


-0.795206 1.47282 
-0.83377 1.51455 
-0.843774 1.45301 
-0.795206 1.47282 


-0.83377 1.51455 
-0.877742 1.56948 
-0.890711 1.49297 
-0.83377 1.51455 


-0.777313 1.53679 
-0.83377 1.51455 
-0.795206 1.47282 
-0.777313 1.53679 


-0.877742 1.56948 
-0.941585 1.5405 
-0.890711 1.49297 
-0.877742 1.56948 


-0.836205 1.34571 
-0.751123 1.35066 
-0.81462 1.40922 
-0.836205 1.34571 


-0.670219 1.42909 
-0.61331 1.41393 
-0.632518 1.47525 
-0.670219 1.42909 


-0.576103 1.36298 
-0.61331 1.41393 
-0.665177 1.3551 
-0.576103 1.36298 


-0.561193 1.44304 
-0.563268 1.5146 
-0.632518 1.47525 
-0.561193 1.44304 


-0.673719 1.58969 
-0.692294 1.66142 
-0.753103 1.62919 
-0.673719 1.58969 


-0.716746 1.29293 
-0.665177 1.3551 
-0.751123 1.35066 
-0.716746 1.29293 


-0.751519 1.25049 
-0.716746 1.29293 
-0.781984 1.28537 
-0.751519 1.25049 


-0.751519 1.25049 
-0.658553 1.25579 
-0.716746 1.29293 
-0.751519 1.25049 


-0.546727 1.29937 
-0.605263 1.30514 
-0.593423 1.23659 
-0.546727 1.29937 


-0.486935 1.16408 
-0.463481 1.25934 
-0.543573 1.23684 
-0.486935 1.16408 


-0.406486 1.54117 
-0.462528 1.57744 
-0.501495 1.50488 
-0.406486 1.54117 


-0.342665 1.50044 
-0.406486 1.54117 
-0.411739 1.4693 
-0.342665 1.50044 


-0.385634 1.61894 
-0.462528 1.57744 
-0.406486 1.54117 
-0.385634 1.61894 


-0.605263 1.30514 
-0.576103 1.36298 
-0.665177 1.3551 
-0.605263 1.30514 


-0.673719 1.58969 
-0.753103 1.62919 
-0.725139 1.56255 
-0.673719 1.58969 


-0.576103 1.36298 
-0.561193 1.44304 
-0.61331 1.41393 
-0.576103 1.36298 


-0.546727 1.29937 
-0.576103 1.36298 
-0.605263 1.30514 
-0.546727 1.29937 


-0.546727 1.29937 
-0.463481 1.25934 
-0.496815 1.33582 
-0.546727 1.29937 


-0.63174 1.69559 
-0.619335 1.62936 
-0.567157 1.6602 
-0.63174 1.69559 


-0.63174 1.69559 
-0.692294 1.66142 
-0.619335 1.62936 
-0.63174 1.69559 


-0.376578 1.78206 
-0.375877 1.71197 
-0.31248 1.81166 
-0.376578 1.78206 


-0.443672 1.80573 
-0.376578 1.78206 
-0.376858 1.8421 
-0.443672 1.80573 


-0.445545 1.74288 
-0.375877 1.71197 
-0.376578 1.78206 
-0.445545 1.74288 


-0.508123 1.7685 
-0.445545 1.74288 
-0.443672 1.80573 
-0.508123 1.7685 


-0.513819 1.70159 
-0.520072 1.63348 
-0.453934 1.67002 
-0.513819 1.70159 


-0.445545 1.74288 
-0.513819 1.70159 
-0.453934 1.67002 
-0.445545 1.74288 


-0.570601 1.73149 
-0.513819 1.70159 
-0.508123 1.7685 
-0.570601 1.73149 


-0.570601 1.73149 
-0.567157 1.6602 
-0.513819 1.70159 
-0.570601 1.73149 


-0.385634 1.61894 
-0.303148 1.60924 
-0.375877 1.71197 
-0.385634 1.61894 


-0.520072 1.63348 
-0.462528 1.57744 
-0.453934 1.67002 
-0.520072 1.63348 


-0.473654 1.4416 
-0.515737 1.39985 
-0.440795 1.37583 
-0.473654 1.4416 


-0.373905 1.39979 
-0.411739 1.4693 
-0.440795 1.37583 
-0.373905 1.39979 


-0.501495 1.50488 
-0.563268 1.5146 
-0.561193 1.44304 
-0.501495 1.50488 


-0.411739 1.4693 
-0.406486 1.54117 
-0.501495 1.50488 
-0.411739 1.4693 


-0.526396 1.56475 
-0.563268 1.5146 
-0.501495 1.50488 
-0.526396 1.56475 


-0.673719 1.58969 
-0.608347 1.56221 
-0.619335 1.62936 
-0.673719 1.58969 


-0.440795 1.37583 
-0.515737 1.39985 
-0.496815 1.33582 
-0.440795 1.37583 


-0.285267 1.29761 
-0.373905 1.39979 
-0.399753 1.30861 
-0.285267 1.29761 


-0.462528 1.57744 
-0.526396 1.56475 
-0.501495 1.50488 
-0.462528 1.57744 


-0.473654 1.4416 
-0.411739 1.4693 
-0.501495 1.50488 
-0.473654 1.4416 


-0.385634 1.61894 
-0.453934 1.67002 
-0.462528 1.57744 
-0.385634 1.61894 


-0.389425 1.2167 
-0.463481 1.25934 
-0.486935 1.16408 
-0.389425 1.2167 


-0.456854 1.05826 
-0.348342 1.11999 
-0.486935 1.16408 
-0.456854 1.05826 


-0.339993 1.26469 
-0.285267 1.29761 
-0.399753 1.30861 
-0.339993 1.26469 


-0.11054 1.57792 
-0.210107 1.63149 
-0.215894 1.5371 
-0.11054 1.57792 


-0.564172 1.59745 
-0.520072 1.63348 
-0.567157 1.6602 
-0.564172 1.59745 


-0.619335 1.62936 
-0.564172 1.59745 
-0.567157 1.6602 
-0.619335 1.62936 


-0.608347 1.56221 
-0.563268 1.5146 
-0.564172 1.59745 
-0.608347 1.56221 


-0.109119 1.46082 
-0.217176 1.39808 
-0.0793994 1.3539 
-0.109119 1.46082 


-0.515737 1.39985 
-0.561193 1.44304 
-0.576103 1.36298 
-0.515737 1.39985 


-0.399753 1.30861 
-0.440795 1.37583 
-0.496815 1.33582 
-0.399753 1.30861 


-0.473654 1.4416 
-0.501495 1.50488 
-0.561193 1.44304 
-0.473654 1.4416 


-0.473654 1.4416 
-0.561193 1.44304 
-0.515737 1.39985 
-0.473654 1.4416 


-0.564172 1.59745 
-0.563268 1.5146 
-0.526396 1.56475 
-0.564172 1.59745 


-0.608347 1.56221 
-0.651967 1.53774 
-0.632518 1.47525 
-0.608347 1.56221 


-0.520072 1.63348 
-0.564172 1.59745 
-0.526396 1.56475 
-0.520072 1.63348 


-0.651967 1.53774 
-0.725139 1.56255 
-0.697639 1.49585 
-0.651967 1.53774 


-0.692294 1.66142 
-0.673719 1.58969 
-0.619335 1.62936 
-0.692294 1.66142 


-0.632518 1.47525 
-0.697639 1.49585 
-0.670219 1.42909 
-0.632518 1.47525 


-0.673719 1.58969 
-0.651967 1.53774 
-0.608347 1.56221 
-0.673719 1.58969 


-0.673719 1.58969 
-0.725139 1.56255 
-0.651967 1.53774 
-0.673719 1.58969 


-0.496815 1.33582 
-0.463481 1.25934 
-0.399753 1.30861 
-0.496815 1.33582 


-0.342665 1.50044 
-0.373905 1.39979 
-0.217176 1.39808 
-0.342665 1.50044 


-0.373905 1.39979 
-0.440795 1.37583 
-0.399753 1.30861 
-0.373905 1.39979 


-0.217176 1.39808 
-0.373905 1.39979 
-0.285267 1.29761 
-0.217176 1.39808 


-0.411739 1.4693 
-0.473654 1.4416 
-0.440795 1.37583 
-0.411739 1.4693 


-0.342665 1.50044 
-0.411739 1.4693 
-0.373905 1.39979 
-0.342665 1.50044 


-0.342665 1.50044 
-0.303148 1.60924 
-0.406486 1.54117 
-0.342665 1.50044 


-0.215894 1.5371 
-0.342665 1.50044 
-0.217176 1.39808 
-0.215894 1.5371 


-0.303148 1.60924 
-0.385634 1.61894 
-0.406486 1.54117 
-0.303148 1.60924 


-0.576103 1.36298 
-0.496815 1.33582 
-0.515737 1.39985 
-0.576103 1.36298 


-0.576103 1.36298 
-0.546727 1.29937 
-0.496815 1.33582 
-0.576103 1.36298 


-0.463481 1.25934 
-0.389425 1.2167 
-0.399753 1.30861 
-0.463481 1.25934 


-0.543573 1.23684 
-0.463481 1.25934 
-0.546727 1.29937 
-0.543573 1.23684 


-0.339993 1.26469 
-0.280158 1.21972 
-0.285267 1.29761 
-0.339993 1.26469 


-0.389425 1.2167 
-0.339993 1.26469 
-0.399753 1.30861 
-0.389425 1.2167 


-0.389425 1.2167 
-0.280158 1.21972 
-0.339993 1.26469 
-0.389425 1.2167 


-0.22568 1.25258 
-0.165937 1.20839 
-0.184577 1.31925 
-0.22568 1.25258 


-0.280158 1.21972 
-0.22568 1.25258 
-0.285267 1.29761 
-0.280158 1.21972 


-0.280158 1.21972 
-0.165937 1.20839 
-0.22568 1.25258 
-0.280158 1.21972 


-0.456854 1.05826 
-0.340162 0.957186 
-0.348342 1.11999 
-0.456854 1.05826 


-0.0460211 1.06125 
-0.0161502 1.04135 
-0.016227 1.07592 
-0.0460211 1.06125 


-0.184577 1.31925 
-0.285267 1.29761 
-0.22568 1.25258 
-0.184577 1.31925 


-0.348342 1.11999 
-0.280158 1.21972 
-0.389425 1.2167 
-0.348342 1.11999 


-0.0426723 0.984143 
-0.0161803 1.01176 
-0.042662 1.0159 
-0.0426723 0.984143 


-0.0825222 0.942223 
-0.0764852 1.00224 
-0.120122 0.975305 
-0.0825222 0.942223 


-0.176436 0.969068 
-0.120119 1.02481 
-0.176414 1.03104 
-0.176436 0.969068 


-0.130368 0.92327 
-0.120122 0.975305 
-0.176436 0.969068 
-0.130368 0.92327 


-0.130368 0.92327 
-0.0894131 0.890147 
-0.0825222 0.942223 
-0.130368 0.92327 


-0.090244 0.754944 
-0.046519 0.798602 
-0.099436 0.829344 
-0.090244 0.754944 


-0.0165826 0.836432 
-0.0163797 0.883716 
-0.0514633 0.859345 
-0.0165826 0.836432 


-0.0451059 0.95118 
-0.016273 0.924116 
-0.0161808 0.958717 
-0.0451059 0.95118 


-0.0825222 0.942223 
-0.0894131 0.890147 
-0.0480882 0.9118 
-0.0825222 0.942223 


-0.0894131 0.890147 
-0.144729 0.86229 
-0.099436 0.829344 
-0.0894131 0.890147 


-0.0480882 0.9118 
-0.0894131 0.890147 
-0.0514633 0.859345 
-0.0480882 0.9118 


-0.130368 0.92327 
-0.144729 0.86229 
-0.0894131 0.890147 
-0.130368 0.92327 


-0.120122 0.975305 
-0.130368 0.92327 
-0.0825222 0.942223 
-0.120122 0.975305 


-0.176436 0.969068 
-0.24839 0.972826 
-0.203868 0.911228 
-0.176436 0.969068 


-0.166127 0.791782 
-0.090244 0.754944 
-0.099436 0.829344 
-0.166127 0.791782 


-0.0163797 0.883716 
-0.016273 0.924116 
-0.0480882 0.9118 
-0.0163797 0.883716 


-0.0764852 1.00224 
-0.120119 1.02481 
-0.120122 0.975305 
-0.0764852 1.00224 


-0.176436 0.969068 
-0.176414 1.03104 
-0.24839 0.972826 
-0.176436 0.969068 


-0.042662 1.0159 
-0.0460211 1.06125 
-0.0804393 1.04433 
-0.042662 1.0159 


-0.0893117 1.10994 
-0.0776232 1.18316 
-0.144666 1.13781 
-0.0893117 1.10994 


-0.0483642 1.09831 
-0.0513907 1.14071 
-0.0893117 1.10994 
-0.0483642 1.09831 


-0.0804393 1.04433 
-0.0483642 1.09831 
-0.0893117 1.10994 
-0.0804393 1.04433 


-0.0460211 1.06125 
-0.016227 1.07592 
-0.0483642 1.09831 
-0.0460211 1.06125 


-0.0163052 1.11633 
-0.0164477 1.16365 
-0.0513907 1.14071 
-0.0163052 1.11633 


-0.165937 1.20839 
-0.280158 1.21972 
-0.26091 1.12955 
-0.165937 1.20839 


-0.456706 0.942046 
-0.487205 0.835642 
-0.381938 0.801671 
-0.456706 0.942046 


-0.0161502 1.04135 
-0.0161803 1.01176 
0.00618034 1.01902 
-0.0161502 1.04135 


-0.26091 1.12955 
-0.280158 1.21972 
-0.348342 1.11999 
-0.26091 1.12955 


-0.248628 1.03923 
-0.26091 1.12955 
-0.348342 1.11999 
-0.248628 1.03923 


-0.248628 1.03923 
-0.176414 1.03104 
-0.26091 1.12955 
-0.248628 1.03923 


-0.0893117 1.10994 
-0.0513907 1.14071 
-0.0776232 1.18316 
-0.0893117 1.10994 


-0.130305 1.07682 
-0.0893117 1.10994 
-0.144666 1.13781 
-0.130305 1.07682 


-0.130305 1.07682 
-0.0804393 1.04433 
-0.0893117 1.10994 
-0.130305 1.07682 


0.0185491 1.12864 
-0.0163052 1.11633 
0.00849318 1.08203 
0.0185491 1.12864 


0.0185491 1.12864 
0.0181821 1.17341 
-0.0164477 1.16365 
0.0185491 1.12864 


-0.10319 1.25799 
-0.0793994 1.3539 
-0.184577 1.31925 
-0.10319 1.25799 


-0.340162 0.957186 
-0.456706 0.942046 
-0.381938 0.801671 
-0.340162 0.957186 


-0.248628 1.03923 
-0.340162 0.957186 
-0.24839 0.972826 
-0.248628 1.03923 


-0.248628 1.03923 
-0.348342 1.11999 
-0.340162 0.957186 
-0.248628 1.03923 


-0.176414 1.03104 
-0.248628 1.03923 
-0.24839 0.972826 
-0.176414 1.03104 


-0.176414 1.03104 
-0.144666 1.13781 
-0.26091 1.12955 
-0.176414 1.03104 


-0.389425 1.2167 
-0.486935 1.16408 
-0.348342 1.11999 
-0.389425 1.2167 


-0.456854 1.05826 
-0.456706 0.942046 
-0.340162 0.957186 
-0.456854 1.05826 


0.00618034 1.01902 
0.00722165 1.04842 
-0.0161502 1.04135 
0.00618034 1.01902 


-0.0164477 1.16365 
-0.0163052 1.11633 
0.0185491 1.12864 
-0.0164477 1.16365 


-0.0300272 1.20353 
-0.10319 1.25799 
-0.0776232 1.18316 
-0.0300272 1.20353 


-0.0776232 1.18316 
-0.0513907 1.14071 
-0.0164477 1.16365 
-0.0776232 1.18316 


-0.0300272 1.20353 
-0.0776232 1.18316 
-0.0164477 1.16365 
-0.0300272 1.20353 


0.0181821 1.17341 
-0.0300272 1.20353 
-0.0164477 1.16365 
0.0181821 1.17341 


0.0145493 1.22059 
-0.0243214 1.28117 
-0.0300272 1.20353 
0.0145493 1.22059 


-0.130305 1.07682 
-0.176414 1.03104 
-0.120119 1.02481 
-0.130305 1.07682 


-0.0764852 1.00224 
-0.042662 1.0159 
-0.0804393 1.04433 
-0.0764852 1.00224 


-0.144666 1.13781 
-0.176414 1.03104 
-0.130305 1.07682 
-0.144666 1.13781 


-0.165937 1.20839 
-0.144666 1.13781 
-0.0776232 1.18316 
-0.165937 1.20839 


-0.165937 1.20839 
-0.26091 1.12955 
-0.144666 1.13781 
-0.165937 1.20839 


-0.184577 1.31925 
-0.217176 1.39808 
-0.285267 1.29761 
-0.184577 1.31925 


-0.10319 1.25799 
-0.184577 1.31925 
-0.165937 1.20839 
-0.10319 1.25799 


-0.0776232 1.18316 
-0.10319 1.25799 
-0.165937 1.20839 
-0.0776232 1.18316 


-0.0243214 1.28117 
-0.0793994 1.3539 
-0.10319 1.25799 
-0.0243214 1.28117 


-0.0793994 1.3539 
-0.217176 1.39808 
-0.184577 1.31925 
-0.0793994 1.3539 


0.0327164 0.970543 
0.02 1 
0.00618034 0.980979 
0.0327164 0.970543 


0.0546752 1.02311 
0.0463273 0.996147 
0.0798137 0.991188 
0.0546752 1.02311 


0.0948675 1.02321 
0.0546752 1.02311 
0.0798137 0.991188 
0.0948675 1.02321 


0.123033 0.984919 
0.0948675 1.02321 
0.0798137 0.991188 
0.123033 0.984919 


0.0682153 1.05991 
0.0340869 1.09365 
0.0307785 1.05331 
0.0682153 1.05991 


0.153742 1.03335 
0.101573 1.08805 
0.0948675 1.02321 
0.153742 1.03335 


0.153742 1.03335 
0.194815 1.09343 
0.144947 1.12247 
0.153742 1.03335 


0.0262137 1.02283 
0.00618034 1.01902 
0.02 1 
0.0262137 1.02283 


0.0307785 1.05331 
0.0262137 1.02283 
0.0546752 1.02311 
0.0307785 1.05331 


0.0307785 1.05331 
0.00722165 1.04842 
0.0262137 1.02283 
0.0307785 1.05331 


0.0463273 0.996147 
0.0262137 1.02283 
0.02 1 
0.0463273 0.996147 


0.0463273 0.996147 
0.0546752 1.02311 
0.0262137 1.02283 
0.0463273 0.996147 


0.0262137 1.02283 
0.00722165 1.04842 
0.00618034 1.01902 
0.0262137 1.02283 


0.0546752 1.02311 
0.0682153 1.05991 
0.0307785 1.05331 
0.0546752 1.02311 


0.00849318 1.08203 
0.00722165 1.04842 
0.0307785 1.05331 
0.00849318 1.08203 


-0.0161502 1.04135 
-0.042662 1.0159 
-0.0161803 1.01176 
-0.0161502 1.04135 


0.00849318 1.08203 
-0.016227 1.07592 
0.00722165 1.04842 
0.00849318 1.08203 


-0.0483642 1.09831 
-0.0163052 1.11633 
-0.0513907 1.14071 
-0.0483642 1.09831 


0.00722165 1.04842 
-0.016227 1.07592 
-0.0161502 1.04135 
0.00722165 1.04842 


0.00849318 1.08203 
-0.0163052 1.11633 
-0.016227 1.07592 
0.00849318 1.08203 


0.194815 1.09343 
0.250373 1.03312 
0.252185 1.1674 
0.194815 1.09343 


0.16615 1.2082 
0.144947 1.12247 
0.252185 1.1674 
0.16615 1.2082 


0.153742 1.03335 
0.250373 1.03312 
0.194815 1.09343 
0.153742 1.03335 


0.0192648 0.944893 
0.00843902 0.91801 
0.0512816 0.907071 
0.0192648 0.944893 


0.250298 0.966742 
0.250373 1.03312 
0.178798 0.976975 
0.250298 0.966742 


0.543453 1.23573 
0.463897 1.25897 
0.486969 1.16348 
0.543453 1.23573 


0.400128 1.30827 
0.31373 1.34935 
0.283073 1.25846 
0.400128 1.30827 


0.486969 1.16348 
0.389642 1.21648 
0.361463 1.13246 
0.486969 1.16348 


-0.0514633 0.859345 
-0.0163797 0.883716 
-0.0480882 0.9118 
-0.0514633 0.859345 


-0.099436 0.829344 
-0.046519 0.798602 
-0.0514633 0.859345 
-0.099436 0.829344 


-0.176577 0.699298 
-0.090244 0.754944 
-0.166127 0.791782 
-0.176577 0.699298 


-0.280319 0.78045 
-0.176577 0.699298 
-0.166127 0.791782 
-0.280319 0.78045 


-0.217374 0.602036 
-0.0797517 0.646302 
-0.176577 0.699298 
-0.217374 0.602036 


-0.0252941 0.718819 
0.0180409 0.775669 
-0.046519 0.798602 
-0.0252941 0.718819 


0.0181106 0.826647 
0.0184873 0.871387 
-0.0165826 0.836432 
0.0181106 0.826647 


0.0180409 0.775669 
0.0181106 0.826647 
-0.0165826 0.836432 
0.0180409 0.775669 


0.0649494 0.789879 
0.103182 0.742125 
0.115036 0.804845 
0.0649494 0.789879 


0.0600915 0.840455 
0.0649494 0.789879 
0.115036 0.804845 
0.0600915 0.840455 


0.0180409 0.775669 
0.02452 0.719566 
0.0649494 0.789879 
0.0180409 0.775669 


-0.0161808 0.958717 
0.0192648 0.944893 
0.00618034 0.980979 
-0.0161808 0.958717 


-0.0165826 0.836432 
0.0184873 0.871387 
-0.0163797 0.883716 
-0.0165826 0.836432 


0.101422 0.860927 
0.0512816 0.907071 
0.0600915 0.840455 
0.101422 0.860927 


0.115036 0.804845 
0.101422 0.860927 
0.0600915 0.840455 
0.115036 0.804845 


0.146622 0.882972 
0.13342 0.936358 
0.0929175 0.904512 
0.146622 0.882972 


0.13342 0.936358 
0.0859957 0.944848 
0.0929175 0.904512 
0.13342 0.936358 


0.205277 0.916675 
0.13342 0.936358 
0.146622 0.882972 
0.205277 0.916675 


0.123033 0.984919 
0.0859957 0.944848 
0.13342 0.936358 
0.123033 0.984919 


0.123033 0.984919 
0.0798137 0.991188 
0.0859957 0.944848 
0.123033 0.984919 


-0.0163797 0.883716 
0.0184873 0.871387 
0.00843902 0.91801 
-0.0163797 0.883716 


0.115036 0.804845 
0.103182 0.742125 
0.187849 0.761453 
0.115036 0.804845 


0.247819 0.709835 
0.217344 0.602108 
0.313479 0.650579 
0.247819 0.709835 


0.103182 0.742125 
0.18468 0.680898 
0.187849 0.761453 
0.103182 0.742125 


0.0649494 0.789879 
0.0600915 0.840455 
0.0181106 0.826647 
0.0649494 0.789879 


0.280302 0.780403 
0.238576 0.851352 
0.187849 0.761453 
0.280302 0.780403 


0.0600915 0.840455 
0.0184873 0.871387 
0.0181106 0.826647 
0.0600915 0.840455 


0.164115 0.824755 
0.146622 0.882972 
0.101422 0.860927 
0.164115 0.824755 


0.0512816 0.907071 
0.0184873 0.871387 
0.0600915 0.840455 
0.0512816 0.907071 


0.02452 0.719566 
0.079449 0.646393 
0.103182 0.742125 
0.02452 0.719566 


0.079449 0.646393 
0.217344 0.602108 
0.18468 0.680898 
0.079449 0.646393 


0.0184873 0.871387 
0.0512816 0.907071 
0.00843902 0.91801 
0.0184873 0.871387 


0.0327164 0.970543 
0.00618034 0.980979 
0.0192648 0.944893 
0.0327164 0.970543 


-0.0161803 0.988244 
-0.0161808 0.958717 
0.00618034 0.980979 
-0.0161803 0.988244 


0.115036 0.804845 
0.164115 0.824755 
0.101422 0.860927 
0.115036 0.804845 


-0.0161808 0.958717 
-0.016273 0.924116 
0.0192648 0.944893 
-0.0161808 0.958717 


-0.0426723 0.984143 
-0.0161808 0.958717 
-0.0161803 0.988244 
-0.0426723 0.984143 


-0.0426723 0.984143 
-0.0764852 1.00224 
-0.0825222 0.942223 
-0.0426723 0.984143 


-0.0426723 0.984143 
-0.0161803 0.988244 
-0.0161803 1.01176 
-0.0426723 0.984143 


-0.237967 0.84859 
-0.306982 0.863119 
-0.280319 0.78045 
-0.237967 0.84859 


-0.0252941 0.718819 
0.02452 0.719566 
0.0180409 0.775669 
-0.0252941 0.718819 


-0.016273 0.924116 
-0.0163797 0.883716 
0.00843902 0.91801 
-0.016273 0.924116 


0.0192648 0.944893 
-0.016273 0.924116 
0.00843902 0.91801 
0.0192648 0.944893 


-0.0451059 0.95118 
-0.0426723 0.984143 
-0.0825222 0.942223 
-0.0451059 0.95118 


-0.0764852 1.00224 
-0.0426723 0.984143 
-0.042662 1.0159 
-0.0764852 1.00224 


-0.0804393 1.04433 
-0.130305 1.07682 
-0.120119 1.02481 
-0.0804393 1.04433 


-0.0764852 1.00224 
-0.0804393 1.04433 
-0.120119 1.02481 
-0.0764852 1.00224 


-0.0460211 1.06125 
-0.0483642 1.09831 
-0.0804393 1.04433 
-0.0460211 1.06125 


-0.0161502 1.04135 
-0.0460211 1.06125 
-0.042662 1.0159 
-0.0161502 1.04135 


-0.016227 1.07592 
-0.0163052 1.11633 
-0.0483642 1.09831 
-0.016227 1.07592 


-0.306982 0.863119 
-0.24839 0.972826 
-0.340162 0.957186 
-0.306982 0.863119 


-0.306982 0.863119 
-0.203868 0.911228 
-0.24839 0.972826 
-0.306982 0.863119 


-0.166127 0.791782 
-0.237967 0.84859 
-0.280319 0.78045 
-0.166127 0.791782 


-0.166127 0.791782 
-0.144729 0.86229 
-0.237967 0.84859 
-0.166127 0.791782 


-0.144729 0.86229 
-0.130368 0.92327 
-0.203868 0.911228 
-0.144729 0.86229 


-0.099436 0.829344 
-0.0514633 0.859345 
-0.0894131 0.890147 
-0.099436 0.829344 


-0.120122 0.975305 
-0.120119 1.02481 
-0.176436 0.969068 
-0.120122 0.975305 


-0.0451059 0.95118 
-0.0161808 0.958717 
-0.0426723 0.984143 
-0.0451059 0.95118 


-0.0480882 0.9118 
-0.0451059 0.95118 
-0.0825222 0.942223 
-0.0480882 0.9118 


-0.0480882 0.9118 
-0.016273 0.924116 
-0.0451059 0.95118 
-0.0480882 0.9118 


-0.306982 0.863119 
-0.381938 0.801671 
-0.280319 0.78045 
-0.306982 0.863119 


-0.203868 0.911228 
-0.306982 0.863119 
-0.237967 0.84859 
-0.203868 0.911228 


-0.340162 0.957186 
-0.381938 0.801671 
-0.306982 0.863119 
-0.340162 0.957186 


-0.542916 0.763557 
-0.476654 0.728405 
-0.487205 0.835642 
-0.542916 0.763557 


-0.503456 0.611412 
-0.552421 0.697555 
-0.57137 0.638414 
-0.503456 0.611412 


-0.381938 0.801671 
-0.476654 0.728405 
-0.378085 0.721661 
-0.381938 0.801671 


-0.542916 0.763557 
-0.552421 0.697555 
-0.476654 0.728405 
-0.542916 0.763557 


-0.176577 0.699298 
-0.0797517 0.646302 
-0.090244 0.754944 
-0.176577 0.699298 


-0.046519 0.798602 
-0.090244 0.754944 
-0.0252941 0.718819 
-0.046519 0.798602 


-0.0165826 0.836432 
-0.046519 0.798602 
0.0180409 0.775669 
-0.0165826 0.836432 


-0.0165826 0.836432 
-0.0514633 0.859345 
-0.046519 0.798602 
-0.0165826 0.836432 


-0.280319 0.78045 
-0.313568 0.650552 
-0.176577 0.699298 
-0.280319 0.78045 


-0.487205 0.835642 
-0.476654 0.728405 
-0.381938 0.801671 
-0.487205 0.835642 


-0.487048 0.513841 
-0.410602 0.540169 
-0.503456 0.611412 
-0.487048 0.513841 


-0.0797517 0.646302 
-0.0252941 0.718819 
-0.090244 0.754944 
-0.0797517 0.646302 


-0.60626 0.365415 
-0.552211 0.408372 
-0.597286 0.43521 
-0.60626 0.365415 


-0.321232 0.405222 
-0.282894 0.278049 
-0.22405 0.353962 
-0.321232 0.405222 


-0.406129 0.348386 
-0.42637 0.265875 
-0.357994 0.27099 
-0.406129 0.348386 


-0.321232 0.405222 
-0.406129 0.348386 
-0.357994 0.27099 
-0.321232 0.405222 


-0.323154 0.531274 
-0.410505 0.463567 
-0.321232 0.405222 
-0.323154 0.531274 


-0.217374 0.602036 
-0.323154 0.531274 
-0.224544 0.470744 
-0.217374 0.602036 


-0.313568 0.650552 
-0.407702 0.615118 
-0.323154 0.531274 
-0.313568 0.650552 


-0.407702 0.615118 
-0.378085 0.721661 
-0.445978 0.666176 
-0.407702 0.615118 


-0.482433 0.299375 
-0.42637 0.265875 
-0.406129 0.348386 
-0.482433 0.299375 


-0.60626 0.365415 
-0.551563 0.332725 
-0.552211 0.408372 
-0.60626 0.365415 


-0.552132 0.257643 
-0.48572 0.218409 
-0.482433 0.299375 
-0.552132 0.257643 


-0.48572 0.218409 
-0.416905 0.179333 
-0.42637 0.265875 
-0.48572 0.218409 


-0.109391 0.539258 
-0.0797517 0.646302 
-0.217374 0.602036 
-0.109391 0.539258 


-0.297232 0.194799 
-0.357994 0.27099 
-0.416905 0.179333 
-0.297232 0.194799 


-0.109391 0.539258 
-0.217374 0.602036 
-0.224544 0.470744 
-0.109391 0.539258 


-0.280319 0.78045 
-0.378085 0.721661 
-0.313568 0.650552 
-0.280319 0.78045 


-0.144729 0.86229 
-0.203868 0.911228 
-0.237967 0.84859 
-0.144729 0.86229 


-0.099436 0.829344 
-0.144729 0.86229 
-0.166127 0.791782 
-0.099436 0.829344 


-0.130368 0.92327 
-0.176436 0.969068 
-0.203868 0.911228 
-0.130368 0.92327 


-0.381938 0.801671 
-0.378085 0.721661 
-0.280319 0.78045 
-0.381938 0.801671 


-0.592852 0.763973 
-0.552421 0.697555 
-0.542916 0.763557 
-0.592852 0.763973 


-0.406129 0.348386 
-0.485673 0.421241 
-0.482433 0.299375 
-0.406129 0.348386 


-0.485673 0.421241 
-0.553086 0.482952 
-0.552211 0.408372 
-0.485673 0.421241 


-0.407702 0.615118 
-0.445978 0.666176 
-0.503456 0.611412 
-0.407702 0.615118 


-0.410602 0.540169 
-0.407702 0.615118 
-0.503456 0.611412 
-0.410602 0.540169 


-0.323154 0.531274 
-0.410602 0.540169 
-0.410505 0.463567 
-0.323154 0.531274 


-0.323154 0.531274 
-0.407702 0.615118 
-0.410602 0.540169 
-0.323154 0.531274 


-0.313568 0.650552 
-0.378085 0.721661 
-0.407702 0.615118 
-0.313568 0.650552 


-0.553533 0.55611 
-0.553086 0.482952 
-0.487048 0.513841 
-0.553533 0.55611 


-0.445978 0.666176 
-0.476654 0.728405 
-0.552421 0.697555 
-0.445978 0.666176 


-0.410505 0.463567 
-0.410602 0.540169 
-0.487048 0.513841 
-0.410505 0.463567 


-0.378085 0.721661 
-0.476654 0.728405 
-0.445978 0.666176 
-0.378085 0.721661 


-0.57137 0.638414 
-0.661615 0.647102 
-0.616149 0.555882 
-0.57137 0.638414 


-0.616149 0.555882 
-0.664812 0.571693 
-0.685155 0.504675 
-0.616149 0.555882 


-0.553086 0.482952 
-0.616149 0.555882 
-0.636762 0.482092 
-0.553086 0.482952 


-0.553533 0.55611 
-0.57137 0.638414 
-0.616149 0.555882 
-0.553533 0.55611 


-0.552421 0.697555 
-0.62565 0.705799 
-0.57137 0.638414 
-0.552421 0.697555 


-0.551563 0.332725 
-0.552132 0.257643 
-0.482433 0.299375 
-0.551563 0.332725 


-0.485673 0.421241 
-0.551563 0.332725 
-0.482433 0.299375 
-0.485673 0.421241 


-0.60626 0.365415 
-0.616818 0.295925 
-0.551563 0.332725 
-0.60626 0.365415 


-0.297232 0.194799 
-0.416905 0.179333 
-0.345493 0.141849 
-0.297232 0.194799 


-0.357994 0.27099 
-0.282894 0.278049 
-0.321232 0.405222 
-0.357994 0.27099 


-0.416905 0.179333 
-0.357994 0.27099 
-0.42637 0.265875 
-0.416905 0.179333 


-0.297232 0.194799 
-0.282894 0.278049 
-0.357994 0.27099 
-0.297232 0.194799 


-0.272018 0.107173 
-0.297232 0.194799 
-0.345493 0.141849 
-0.272018 0.107173 


-0.213583 0.16732 
-0.199023 0.0760808 
-0.14772 0.178895 
-0.213583 0.16732 


-0.313568 0.650552 
-0.217374 0.602036 
-0.176577 0.699298 
-0.313568 0.650552 


-0.503456 0.611412 
-0.57137 0.638414 
-0.553533 0.55611 
-0.503456 0.611412 


-0.487048 0.513841 
-0.503456 0.611412 
-0.553533 0.55611 
-0.487048 0.513841 


-0.445978 0.666176 
-0.552421 0.697555 
-0.503456 0.611412 
-0.445978 0.666176 


-0.323154 0.531274 
-0.217374 0.602036 
-0.313568 0.650552 
-0.323154 0.531274 


-0.22405 0.353962 
-0.224544 0.470744 
-0.321232 0.405222 
-0.22405 0.353962 


-0.146522 0.233741 
-0.22405 0.353962 
-0.282894 0.278049 
-0.146522 0.233741 


-0.110952 0.422152 
-0.224544 0.470744 
-0.22405 0.353962 
-0.110952 0.422152 


-0.110952 0.422152 
-0.109391 0.539258 
-0.224544 0.470744 
-0.110952 0.422152 


-0.110952 0.422152 
-0.22405 0.353962 
-0.0829011 0.317448 
-0.110952 0.422152 


-0.0942175 0.117545 
-0.14772 0.178895 
-0.199023 0.0760808 
-0.0942175 0.117545 


-0.146522 0.233741 
-0.0829011 0.317448 
-0.22405 0.353962 
-0.146522 0.233741 


-0.297232 0.194799 
-0.213583 0.16732 
-0.282894 0.278049 
-0.297232 0.194799 


-0.14772 0.178895 
-0.0342181 0.175074 
-0.146522 0.233741 
-0.14772 0.178895 


-0.213583 0.16732 
-0.14772 0.178895 
-0.146522 0.233741 
-0.213583 0.16732 


-0.272018 0.107173 
-0.213583 0.16732 
-0.297232 0.194799 
-0.272018 0.107173 


-0.272018 0.107173 
-0.199023 0.0760808 
-0.213583 0.16732 
-0.272018 0.107173 


-0.0780923 0.066771 
-0.129068 0.04633 
-0.0637626 0.0145167 
-0.0780923 0.066771 


0.00755817 0.0306259 
-0.0780923 0.066771 
-0.0637626 0.0145167 
0.00755817 0.0306259 


-0.0942175 0.117545 
-0.129068 0.04633 
-0.0780923 0.066771 
-0.0942175 0.117545 


-0.14772 0.178895 
-0.0942175 0.117545 
-0.0342181 0.175074 
-0.14772 0.178895 


-0.0829011 0.317448 
-0.146522 0.233741 
-0.0254625 0.247091 
-0.0829011 0.317448 


-0.146522 0.233741 
-0.282894 0.278049 
-0.213583 0.16732 
-0.146522 0.233741 


-0.199023 0.0760808 
-0.129068 0.04633 
-0.0942175 0.117545 
-0.199023 0.0760808 


0.00755817 0.0306259 
0.0434548 0.0776331 
-0.0240131 0.100154 
0.00755817 0.0306259 


-0.0780923 0.066771 
0.00755817 0.0306259 
-0.0240131 0.100154 
-0.0780923 0.066771 


-0.021489 -0.00924014 
0.0211414 -0.00912054 
0.00755817 0.0306259 
-0.021489 -0.00924014 


0.0211414 -0.00912054 
-0.021489 -0.00924014 
-0.000144444 -0.0216042 
0.0211414 -0.00912054 


0.00755817 0.0306259 
0.0211414 -0.00912054 
0.0632151 0.0147806 
0.00755817 0.0306259 


0.0434548 0.0776331 
0.00755817 0.0306259 
0.0632151 0.0147806 
0.0434548 0.0776331 


0.0434548 0.0776331 
0.0632151 0.0147806 
0.128258 0.0469394 
0.0434548 0.0776331 


0.023608 0.249042 
-0.0342181 0.175074 
0.0334775 0.175347 
0.023608 0.249042 


0.00755817 0.0306259 
-0.0637626 0.0145167 
-0.021489 -0.00924014 
0.00755817 0.0306259 


0.0334775 0.175347 
-0.0240131 0.100154 
0.0434548 0.0776331 
0.0334775 0.175347 


-0.0942175 0.117545 
-0.0780923 0.066771 
-0.0240131 0.100154 
-0.0942175 0.117545 


0.023608 0.249042 
-0.0254625 0.247091 
-0.0342181 0.175074 
0.023608 0.249042 


0.140256 0.137089 
0.0434548 0.0776331 
0.128258 0.0469394 
0.140256 0.137089 


0.140256 0.137089 
0.128258 0.0469394 
0.198001 0.0763254 
0.140256 0.137089 


0.271205 0.107356 
0.209191 0.144038 
0.198001 0.0763254 
0.271205 0.107356 


0.0852037 0.213119 
0.0334775 0.175347 
0.0871888 0.156371 
0.0852037 0.213119 


0.209191 0.144038 
0.140256 0.137089 
0.198001 0.0763254 
0.209191 0.144038 


0.285837 0.177252 
0.209191 0.144038 
0.271205 0.107356 
0.285837 0.177252 


0.221126 0.217146 
0.181441 0.332084 
0.12911 0.261284 
0.221126 0.217146 


0.285837 0.177252 
0.221126 0.217146 
0.209191 0.144038 
0.285837 0.177252 


0.285837 0.177252 
0.321971 0.299604 
0.221126 0.217146 
0.285837 0.177252 


0.344674 0.141799 
0.285837 0.177252 
0.271205 0.107356 
0.344674 0.141799 


0.321971 0.299604 
0.181441 0.332084 
0.221126 0.217146 
0.321971 0.299604 


0.347578 0.214155 
0.285837 0.177252 
0.344674 0.141799 
0.347578 0.214155 


0.416224 0.179223 
0.347578 0.214155 
0.344674 0.141799 
0.416224 0.179223 


0.408589 0.254485 
0.321971 0.299604 
0.347578 0.214155 
0.408589 0.254485 


0.023608 0.249042 
0.0852037 0.213119 
0.12911 0.261284 
0.023608 0.249042 


-0.0342181 0.175074 
-0.0254625 0.247091 
-0.146522 0.233741 
-0.0342181 0.175074 


-0.0240131 0.100154 
-0.0342181 0.175074 
-0.0942175 0.117545 
-0.0240131 0.100154 


0.0334775 0.175347 
0.0852037 0.213119 
0.023608 0.249042 
0.0334775 0.175347 


-0.0240131 0.100154 
0.0334775 0.175347 
-0.0342181 0.175074 
-0.0240131 0.100154 


0.0871888 0.156371 
0.140256 0.137089 
0.0852037 0.213119 
0.0871888 0.156371 


0.0434548 0.0776331 
0.0871888 0.156371 
0.0334775 0.175347 
0.0434548 0.0776331 


0.0434548 0.0776331 
0.140256 0.137089 
0.0871888 0.156371 
0.0434548 0.0776331 


0.321971 0.299604 
0.285837 0.177252 
0.347578 0.214155 
0.321971 0.299604 


0.209191 0.144038 
0.221126 0.217146 
0.140256 0.137089 
0.209191 0.144038 


0.408589 0.254485 
0.416224 0.179223 
0.485109 0.218183 
0.408589 0.254485 


0.290434 0.386736 
0.321971 0.299604 
0.405788 0.348298 
0.290434 0.386736 


0.347578 0.214155 
0.416224 0.179223 
0.408589 0.254485 
0.347578 0.214155 


0.89127 1.49246 
0.878312 1.56898 
0.834329 1.51405 
0.89127 1.49246 


0.777872 1.53633 
0.834329 1.51405 
0.815381 1.59827 
0.777872 1.53633 


0.656861 1.51693 
0.740128 1.47481 
0.725703 1.56207 
0.656861 1.51693 


0.740128 1.47481 
0.786972 1.40978 
0.81046 1.46179 
0.740128 1.47481 


0.753668 1.62872 
0.777872 1.53633 
0.815381 1.59827 
0.753668 1.62872 


0.551611 0.257323 
0.551173 0.332419 
0.481986 0.299152 
0.551611 0.257323 


0.382221 0.448542 
0.405788 0.348298 
0.484361 0.380569 
0.382221 0.448542 


0.48689 0.584536 
0.437354 0.520486 
0.509806 0.494609 
0.48689 0.584536 


0.217344 0.602108 
0.352829 0.550036 
0.313479 0.650579 
0.217344 0.602108 


0.217344 0.602108 
0.224428 0.470939 
0.352829 0.550036 
0.217344 0.602108 


0.290434 0.386736 
0.405788 0.348298 
0.382221 0.448542 
0.290434 0.386736 


0.352829 0.550036 
0.224428 0.470939 
0.382221 0.448542 
0.352829 0.550036 


0.280302 0.780403 
0.187849 0.761453 
0.247819 0.709835 
0.280302 0.780403 


0.109199 0.539487 
0.110851 0.422274 
0.224428 0.470939 
0.109199 0.539487 


0.321971 0.299604 
0.408589 0.254485 
0.405788 0.348298 
0.321971 0.299604 


0.181441 0.332084 
0.321971 0.299604 
0.290434 0.386736 
0.181441 0.332084 


0.221126 0.217146 
0.0852037 0.213119 
0.140256 0.137089 
0.221126 0.217146 


0.0826527 0.3185 
0.181441 0.332084 
0.110851 0.422274 
0.0826527 0.3185 


0.12911 0.261284 
0.0852037 0.213119 
0.221126 0.217146 
0.12911 0.261284 


0.0826527 0.3185 
0.12911 0.261284 
0.181441 0.332084 
0.0826527 0.3185 


0.0826527 0.3185 
0.023608 0.249042 
0.12911 0.261284 
0.0826527 0.3185 


0.551611 0.257323 
0.481986 0.299152 
0.485109 0.218183 
0.551611 0.257323 


0.61637 0.295516 
0.605925 0.365022 
0.551173 0.332419 
0.61637 0.295516 


0.224428 0.470939 
0.217344 0.602108 
0.109199 0.539487 
0.224428 0.470939 


0.181441 0.332084 
0.224428 0.470939 
0.110851 0.422274 
0.181441 0.332084 


0.290434 0.386736 
0.382221 0.448542 
0.224428 0.470939 
0.290434 0.386736 


0.348427 0.880072 
0.250298 0.966742 
0.238576 0.851352 
0.348427 0.880072 


0.487004 0.836181 
0.348427 0.880072 
0.389586 0.783406 
0.487004 0.836181 


0.456969 0.941881 
0.341226 1.04603 
0.348427 0.880072 
0.456969 0.941881 


0.457189 1.05805 
0.341226 1.04603 
0.456969 0.941881 
0.457189 1.05805 


0.0327164 0.970543 
0.0192648 0.944893 
0.0512816 0.907071 
0.0327164 0.970543 


0.0798137 0.991188 
0.0327164 0.970543 
0.0859957 0.944848 
0.0798137 0.991188 


0.0463273 0.996147 
0.02 1 
0.0327164 0.970543 
0.0463273 0.996147 


0.217344 0.602108 
0.079449 0.646393 
0.109199 0.539487 
0.217344 0.602108 


0.456969 0.941881 
0.348427 0.880072 
0.487004 0.836181 
0.456969 0.941881 


0.247819 0.709835 
0.187849 0.761453 
0.18468 0.680898 
0.247819 0.709835 


0.217344 0.602108 
0.247819 0.709835 
0.18468 0.680898 
0.217344 0.602108 


0.313479 0.650579 
0.340216 0.735446 
0.247819 0.709835 
0.313479 0.650579 


0.487004 0.836181 
0.389586 0.783406 
0.463839 0.740886 
0.487004 0.836181 


