0.02 1 
0.00618034 1.01902 
0.00618034 0.980979 
0.02 1 


-0.0161803 0.988244 
0.00618034 1.01902 
-0.0161803 1.01176 
-0.0161803 0.988244 


-0.0161803 0.988244 
0.00618034 0.980979 
0.00618034 1.01902 
-0.0161803 0.988244 


0.130511 0.35824 
0.23283 0.411757 
0.162491 0.490087 
0.130511 0.35824 


0.447817 0.508771 
0.489095 0.565434 
0.424135 0.592761 
0.447817 0.508771 


0.426511 0.40363 
0.447817 0.508771 
0.322234 0.468225 
0.426511 0.40363 


0.426511 0.40363 
0.492262 0.428343 
0.447817 0.508771 
0.426511 0.40363 


0.086546 0.752964 
0.0594493 0.803503 
0.0154508 0.737764 
0.086546 0.752964 


0.0370713 0.666566 
0.147238 0.690119 
0.086546 0.752964 
0.0370713 0.666566 


0.199147 0.921391 
0.225241 0.858483 
0.245587 0.968716 
0.199147 0.921391 


0.130395 0.940575 
0.199147 0.921391 
0.175484 0.978438 
0.130395 0.940575 


0.140887 0.889896 
0.225241 0.858483 
0.199147 0.921391 
0.140887 0.889896 


0.349448 0.699504 
0.301797 0.74415 
0.264336 0.659983 
0.349448 0.699504 


0.245587 0.968716 
0.335213 0.886241 
0.335638 1.04377 
0.245587 0.968716 


0.349448 0.699504 
0.413454 0.747036 
0.356464 0.791717 
0.349448 0.699504 


0.293575 0.563145 
0.349714 0.624068 
0.264336 0.659983 
0.293575 0.563145 


0.432179 0.668896 
0.460696 0.722019 
0.413454 0.747036 
0.432179 0.668896 


0.349714 0.624068 
0.432179 0.668896 
0.349448 0.699504 
0.349714 0.624068 


0.424135 0.592761 
0.504432 0.642166 
0.432179 0.668896 
0.424135 0.592761 


0.601185 0.428495 
0.619395 0.357608 
0.681319 0.39336 
0.601185 0.428495 


0.652261 0.457983 
0.601185 0.428495 
0.681319 0.39336 
0.652261 0.457983 


0.743243 0.429111 
0.652261 0.457983 
0.681319 0.39336 
0.743243 0.429111 


0.703336 0.487472 
0.623728 0.521438 
0.652261 0.457983 
0.703336 0.487472 


0.572575 0.4981 
0.535687 0.453414 
0.601185 0.428495 
0.572575 0.4981 


0.718235 0.551954 
0.671932 0.576533 
0.703336 0.487472 
0.718235 0.551954 


0.743243 0.429111 
0.758209 0.514538 
0.703336 0.487472 
0.743243 0.429111 


0.732873 0.615303 
0.686451 0.63937 
0.671932 0.576533 
0.732873 0.615303 


0.687988 0.732029 
0.628079 0.672389 
0.686451 0.63937 
0.687988 0.732029 


0.565726 0.566527 
0.623728 0.521438 
0.625629 0.601111 
0.565726 0.566527 


0.568453 0.644363 
0.565726 0.566527 
0.625629 0.601111 
0.568453 0.644363 


0.460696 0.722019 
0.432179 0.668896 
0.505936 0.698061 
0.460696 0.722019 


0.484549 0.762236 
0.460696 0.722019 
0.505936 0.698061 
0.484549 0.762236 


0.413454 0.747036 
0.349448 0.699504 
0.432179 0.668896 
0.413454 0.747036 


0.484549 0.762236 
0.413454 0.747036 
0.460696 0.722019 
0.484549 0.762236 


0.301797 0.74415 
0.254146 0.788797 
0.212014 0.718303 
0.301797 0.74415 


0.356464 0.791717 
0.301797 0.74415 
0.349448 0.699504 
0.356464 0.791717 


0.356464 0.791717 
0.254146 0.788797 
0.301797 0.74415 
0.356464 0.791717 


0.525082 0.517456 
0.492262 0.428343 
0.535687 0.453414 
0.525082 0.517456 


0.505936 0.698061 
0.432179 0.668896 
0.504432 0.642166 
0.505936 0.698061 


0.375996 0.533929 
0.293575 0.563145 
0.322234 0.468225 
0.375996 0.533929 


0.447817 0.508771 
0.375996 0.533929 
0.322234 0.468225 
0.447817 0.508771 


0.424135 0.592761 
0.349714 0.624068 
0.375996 0.533929 
0.424135 0.592761 


0.504432 0.642166 
0.424135 0.592761 
0.489095 0.565434 
0.504432 0.642166 


0.349714 0.624068 
0.293575 0.563145 
0.375996 0.533929 
0.349714 0.624068 


0.432179 0.668896 
0.349714 0.624068 
0.424135 0.592761 
0.432179 0.668896 


0.349448 0.699504 
0.264336 0.659983 
0.349714 0.624068 
0.349448 0.699504 


0.572575 0.4981 
0.623728 0.521438 
0.565726 0.566527 
0.572575 0.4981 


0.525082 0.517456 
0.535687 0.453414 
0.572575 0.4981 
0.525082 0.517456 


0.565726 0.566527 
0.525082 0.517456 
0.572575 0.4981 
0.565726 0.566527 


0.489095 0.565434 
0.447817 0.508771 
0.525082 0.517456 
0.489095 0.565434 


0.535687 0.453414 
0.546521 0.387985 
0.601185 0.428495 
0.535687 0.453414 


0.565726 0.566527 
0.489095 0.565434 
0.525082 0.517456 
0.565726 0.566527 


0.492262 0.428343 
0.546521 0.387985 
0.535687 0.453414 
0.492262 0.428343 


0.493896 0.357602 
0.546521 0.387985 
0.492262 0.428343 
0.493896 0.357602 


0.426511 0.40363 
0.42768 0.32767 
0.493896 0.357602 
0.426511 0.40363 


0.525082 0.517456 
0.447817 0.508771 
0.492262 0.428343 
0.525082 0.517456 


0.350377 0.375015 
0.42768 0.32767 
0.426511 0.40363 
0.350377 0.375015 


0.495548 0.286105 
0.557471 0.321856 
0.493896 0.357602 
0.495548 0.286105 


0.557471 0.321856 
0.619395 0.357608 
0.546521 0.387985 
0.557471 0.321856 


0.505936 0.698061 
0.515451 0.762236 
0.484549 0.762236 
0.505936 0.698061 


0.462929 0.833434 
0.413454 0.747036 
0.484549 0.762236 
0.462929 0.833434 


0.623728 0.521438 
0.572575 0.4981 
0.652261 0.457983 
0.623728 0.521438 


0.551579 0.709402 
0.568453 0.644363 
0.628079 0.672389 
0.551579 0.709402 


0.743243 0.429111 
0.703336 0.487472 
0.652261 0.457983 
0.743243 0.429111 


0.743243 0.429111 
0.80515 0.464853 
0.758209 0.514538 
0.743243 0.429111 


0.758209 0.514538 
0.812424 0.541279 
0.763886 0.575287 
0.758209 0.514538 


0.866025 0.5 
0.866025 0.567718 
0.812424 0.541279 
0.866025 0.5 


0.80665 0.655959 
0.809537 0.598619 
0.866025 0.634289 
0.80665 0.655959 


0.866025 0.700859 
0.80665 0.711254 
0.80665 0.655959 
0.866025 0.700859 


0.568453 0.644363 
0.505936 0.698061 
0.504432 0.642166 
0.568453 0.644363 


0.568453 0.644363 
0.551579 0.709402 
0.505936 0.698061 
0.568453 0.644363 


0.565726 0.566527 
0.568453 0.644363 
0.504432 0.642166 
0.565726 0.566527 


0.628079 0.672389 
0.630475 0.742098 
0.551579 0.709402 
0.628079 0.672389 


0.625629 0.601111 
0.628079 0.672389 
0.568453 0.644363 
0.625629 0.601111 


0.625629 0.601111 
0.686451 0.63937 
0.628079 0.672389 
0.625629 0.601111 


0.572963 0.752167 
0.515451 0.762236 
0.551579 0.709402 
0.572963 0.752167 


0.630475 0.742098 
0.572963 0.752167 
0.551579 0.709402 
0.630475 0.742098 


0.630475 0.742098 
0.634808 0.833602 
0.572963 0.752167 
0.630475 0.742098 


0.809537 0.598619 
0.812424 0.541279 
0.866025 0.567718 
0.809537 0.598619 


0.732873 0.615303 
0.809537 0.598619 
0.80665 0.655959 
0.732873 0.615303 


0.732873 0.615303 
0.718235 0.551954 
0.763886 0.575287 
0.732873 0.615303 


0.80665 0.711254 
0.866025 0.700859 
0.866025 0.76743 
0.80665 0.711254 


0.798053 0.781068 
0.80665 0.711254 
0.866025 0.76743 
0.798053 0.781068 


0.80665 0.655959 
0.866025 0.634289 
0.866025 0.700859 
0.80665 0.655959 


0.747274 0.677629 
0.80665 0.655959 
0.80665 0.711254 
0.747274 0.677629 


0.747274 0.677629 
0.686451 0.63937 
0.732873 0.615303 
0.747274 0.677629 


0.798053 0.781068 
0.723524 0.765319 
0.765087 0.738286 
0.798053 0.781068 


0.866025 0.834 
0.798053 0.781068 
0.866025 0.76743 
0.866025 0.834 


0.866025 0.834 
0.798053 0.886698 
0.798053 0.781068 
0.866025 0.834 


0.505936 0.698061 
0.551579 0.709402 
0.515451 0.762236 
0.505936 0.698061 


0.652261 0.457983 
0.572575 0.4981 
0.601185 0.428495 
0.652261 0.457983 


0.671932 0.576533 
0.625629 0.601111 
0.623728 0.521438 
0.671932 0.576533 


0.703336 0.487472 
0.671932 0.576533 
0.623728 0.521438 
0.703336 0.487472 


0.718235 0.551954 
0.732873 0.615303 
0.671932 0.576533 
0.718235 0.551954 


0.671932 0.576533 
0.686451 0.63937 
0.625629 0.601111 
0.671932 0.576533 


0.809537 0.598619 
0.866025 0.567718 
0.866025 0.634289 
0.809537 0.598619 


0.763886 0.575287 
0.812424 0.541279 
0.809537 0.598619 
0.763886 0.575287 


0.732873 0.615303 
0.763886 0.575287 
0.809537 0.598619 
0.732873 0.615303 


0.718235 0.551954 
0.758209 0.514538 
0.763886 0.575287 
0.718235 0.551954 


0.758209 0.514538 
0.80515 0.464853 
0.812424 0.541279 
0.758209 0.514538 


0.703336 0.487472 
0.758209 0.514538 
0.718235 0.551954 
0.703336 0.487472 


0.80515 0.464853 
0.866025 0.5 
0.812424 0.541279 
0.80515 0.464853 


0.80665 0.655959 
0.747274 0.677629 
0.732873 0.615303 
0.80665 0.655959 


0.747274 0.677629 
0.687988 0.732029 
0.686451 0.63937 
0.747274 0.677629 


0.42768 0.32767 
0.350377 0.375015 
0.359324 0.286987 
0.42768 0.32767 


0.433624 0.250353 
0.42768 0.32767 
0.359324 0.286987 
0.433624 0.250353 


0.493896 0.357602 
0.492262 0.428343 
0.426511 0.40363 
0.493896 0.357602 


0.619395 0.357608 
0.601185 0.428495 
0.546521 0.387985 
0.619395 0.357608 


0.565726 0.566527 
0.504432 0.642166 
0.489095 0.565434 
0.565726 0.566527 


0.687988 0.732029 
0.630475 0.742098 
0.628079 0.672389 
0.687988 0.732029 


0.765087 0.738286 
0.687988 0.732029 
0.747274 0.677629 
0.765087 0.738286 


0.723524 0.765319 
0.634808 0.833602 
0.687988 0.732029 
0.723524 0.765319 


0.765087 0.738286 
0.723524 0.765319 
0.687988 0.732029 
0.765087 0.738286 


0.80665 0.711254 
0.765087 0.738286 
0.747274 0.677629 
0.80665 0.711254 


0.80665 0.711254 
0.798053 0.781068 
0.765087 0.738286 
0.80665 0.711254 


0.866025 0.834 
0.866025 0.900571 
0.798053 0.886698 
0.866025 0.834 


0.515451 0.762236 
0.572963 0.752167 
0.537071 0.833434 
0.515451 0.762236 


0.784239 1.04044 
0.866025 0.967141 
0.866025 1.03371 
0.784239 1.04044 


0.723524 0.765319 
0.721442 0.871062 
0.634808 0.833602 
0.723524 0.765319 


0.866025 0.900571 
0.866025 0.967141 
0.784239 0.960193 
0.866025 0.900571 


0.721442 0.871062 
0.723524 0.765319 
0.798053 0.781068 
0.721442 0.871062 


0.537071 0.833434 
0.634808 0.833602 
0.548629 0.940178 
0.537071 0.833434 


0.537071 0.833434 
0.572963 0.752167 
0.634808 0.833602 
0.537071 0.833434 


0.630475 0.742098 
0.687988 0.732029 
0.634808 0.833602 
0.630475 0.742098 


0.634808 0.833602 
0.721442 0.871062 
0.680355 0.951368 
0.634808 0.833602 


0.680355 0.951368 
0.548629 0.940178 
0.634808 0.833602 
0.680355 0.951368 


0.784239 0.960193 
0.680355 0.951368 
0.721442 0.871062 
0.784239 0.960193 


0.680355 1.04899 
0.548629 1.05982 
0.680355 0.951368 
0.680355 1.04899 


0.784239 1.04044 
0.866025 1.03371 
0.866025 1.10028 
0.784239 1.04044 


0.721442 1.12942 
0.784239 1.04044 
0.798053 1.11398 
0.721442 1.12942 


0.548629 1.05982 
0.680355 1.04899 
0.634808 1.14687 
0.548629 1.05982 


0.548629 1.05982 
0.548629 0.940178 
0.680355 0.951368 
0.548629 1.05982 


0.784239 0.960193 
0.866025 0.967141 
0.784239 1.04044 
0.784239 0.960193 


0.680355 1.04899 
0.784239 0.960193 
0.784239 1.04044 
0.680355 1.04899 


0.798053 0.886698 
0.866025 0.900571 
0.784239 0.960193 
0.798053 0.886698 


0.721442 0.871062 
0.798053 0.886698 
0.784239 0.960193 
0.721442 0.871062 


0.721442 0.871062 
0.798053 0.781068 
0.798053 0.886698 
0.721442 0.871062 


0.866025 1.10028 
0.866025 1.16685 
0.798053 1.11398 
0.866025 1.10028 


0.680355 1.04899 
0.784239 1.04044 
0.721442 1.12942 
0.680355 1.04899 


0.79636 1.17613 
0.866025 1.16685 
0.866025 1.23342 
0.79636 1.17613 


0.723524 1.23519 
0.685104 1.18643 
0.741392 1.18122 
0.723524 1.23519 


0.784239 1.04044 
0.866025 1.10028 
0.798053 1.11398 
0.784239 1.04044 


0.600675 1.20267 
0.572963 1.24797 
0.537071 1.16657 
0.600675 1.20267 


0.634808 1.14687 
0.600675 1.20267 
0.537071 1.16657 
0.634808 1.14687 


0.634808 1.14687 
0.685104 1.18643 
0.600675 1.20267 
0.634808 1.14687 


0.685104 1.18643 
0.723524 1.23519 
0.65348 1.23605 
0.685104 1.18643 


0.680355 1.04899 
0.721442 1.12942 
0.634808 1.14687 
0.680355 1.04899 


0.741392 1.18122 
0.794775 1.23431 
0.723524 1.23519 
0.741392 1.18122 


0.798053 1.11398 
0.79636 1.17613 
0.741392 1.18122 
0.798053 1.11398 


0.798053 1.11398 
0.866025 1.16685 
0.79636 1.17613 
0.798053 1.11398 


0.866025 1.23342 
0.794775 1.23431 
0.79636 1.17613 
0.866025 1.23342 


0.866025 1.23342 
0.866025 1.29999 
0.80665 1.28945 
0.866025 1.23342 


0.80665 1.28945 
0.866025 1.29999 
0.80665 1.34475 
0.80665 1.28945 


0.747274 1.32294 
0.80665 1.28945 
0.80665 1.34475 
0.747274 1.32294 


0.794775 1.23431 
0.866025 1.23342 
0.80665 1.28945 
0.794775 1.23431 


0.680355 0.951368 
0.784239 0.960193 
0.680355 1.04899 
0.680355 0.951368 


0.687988 1.26839 
0.65348 1.23605 
0.723524 1.23519 
0.687988 1.26839 


0.537071 1.16657 
0.548629 1.05982 
0.634808 1.14687 
0.537071 1.16657 


0.80665 1.34475 
0.866025 1.29999 
0.866025 1.36656 
0.80665 1.34475 


0.866025 1.43313 
0.810172 1.40202 
0.866025 1.36656 
0.866025 1.43313 


0.747274 1.32294 
0.723524 1.23519 
0.80665 1.28945 
0.747274 1.32294 


0.80665 1.28945 
0.723524 1.23519 
0.794775 1.23431 
0.80665 1.28945 


0.813694 1.45929 
0.866025 1.5 
0.807501 1.53379 
0.813694 1.45929 


0.669346 1.45545 
0.591783 1.50023 
0.572147 1.43271 
0.669346 1.45545 


0.761363 1.48544 
0.807501 1.53379 
0.748719 1.56773 
0.761363 1.48544 


0.669346 1.45545 
0.734837 1.43732 
0.709032 1.51159 
0.669346 1.45545 


0.810172 1.40202 
0.80665 1.34475 
0.866025 1.36656 
0.810172 1.40202 


0.734837 1.43732 
0.810172 1.40202 
0.813694 1.45929 
0.734837 1.43732 


0.760882 1.38165 
0.80665 1.34475 
0.810172 1.40202 
0.760882 1.38165 


0.761363 1.48544 
0.734837 1.43732 
0.813694 1.45929 
0.761363 1.48544 


0.70831 1.38919 
0.747274 1.32294 
0.760882 1.38165 
0.70831 1.38919 


0.515451 1.23776 
0.537071 1.16657 
0.572963 1.24797 
0.515451 1.23776 


0.689935 1.60167 
0.66025 1.53975 
0.709032 1.51159 
0.689935 1.60167 


0.426689 1.53046 
0.505117 1.56765 
0.462393 1.60991 
0.426689 1.53046 


0.398885 1.62505 
0.426689 1.53046 
0.462393 1.60991 
0.398885 1.62505 


0.458598 1.67366 
0.398885 1.62505 
0.462393 1.60991 
0.458598 1.67366 


0.325249 1.64261 
0.305623 1.54512 
0.398885 1.62505 
0.325249 1.64261 


0.473617 1.42139 
0.521435 1.41912 
0.469973 1.4826 
0.473617 1.42139 


0.410886 1.44163 
0.344464 1.37117 
0.41584 1.36514 
0.410886 1.44163 


0.426689 1.53046 
0.410886 1.44163 
0.469973 1.4826 
0.426689 1.53046 


0.426689 1.53046 
0.305623 1.54512 
0.361033 1.49065 
0.426689 1.53046 


0.477261 1.36018 
0.521435 1.41912 
0.473617 1.42139 
0.477261 1.36018 


0.505074 1.29346 
0.515451 1.23776 
0.553553 1.29166 
0.505074 1.29346 


0.591783 1.50023 
0.546756 1.54361 
0.533949 1.48065 
0.591783 1.50023 


0.658872 1.33392 
0.687988 1.26839 
0.747274 1.32294 
0.658872 1.33392 


0.591655 1.34556 
0.658872 1.33392 
0.629756 1.39945 
0.591655 1.34556 


0.630475 1.28002 
0.687988 1.26839 
0.658872 1.33392 
0.630475 1.28002 


0.70831 1.38919 
0.658872 1.33392 
0.747274 1.32294 
0.70831 1.38919 


0.80665 1.34475 
0.760882 1.38165 
0.747274 1.32294 
0.80665 1.34475 


0.669346 1.45545 
0.629756 1.39945 
0.70831 1.38919 
0.669346 1.45545 


0.553553 1.29166 
0.630475 1.28002 
0.591655 1.34556 
0.553553 1.29166 


0.572963 1.24797 
0.600675 1.20267 
0.65348 1.23605 
0.572963 1.24797 


0.723524 1.23519 
0.747274 1.32294 
0.687988 1.26839 
0.723524 1.23519 


0.66025 1.53975 
0.689935 1.60167 
0.609773 1.57759 
0.66025 1.53975 


0.734837 1.43732 
0.761363 1.48544 
0.709032 1.51159 
0.734837 1.43732 


0.760882 1.38165 
0.734837 1.43732 
0.70831 1.38919 
0.760882 1.38165 


0.760882 1.38165 
0.810172 1.40202 
0.734837 1.43732 
0.760882 1.38165 


0.866025 1.43313 
0.813694 1.45929 
0.810172 1.40202 
0.866025 1.43313 


0.866025 1.43313 
0.866025 1.5 
0.813694 1.45929 
0.866025 1.43313 


0.70831 1.38919 
0.629756 1.39945 
0.658872 1.33392 
0.70831 1.38919 


0.66025 1.53975 
0.669346 1.45545 
0.709032 1.51159 
0.66025 1.53975 


0.658872 1.33392 
0.591655 1.34556 
0.630475 1.28002 
0.658872 1.33392 


0.572147 1.43271 
0.629756 1.39945 
0.669346 1.45545 
0.572147 1.43271 


0.572147 1.43271 
0.591655 1.34556 
0.629756 1.39945 
0.572147 1.43271 


0.533949 1.48065 
0.572147 1.43271 
0.591783 1.50023 
0.533949 1.48065 


0.521435 1.41912 
0.477261 1.36018 
0.525599 1.34916 
0.521435 1.41912 


0.533949 1.48065 
0.521435 1.41912 
0.572147 1.43271 
0.533949 1.48065 


0.533949 1.48065 
0.505117 1.56765 
0.469973 1.4826 
0.533949 1.48065 


0.685104 1.18643 
0.634808 1.14687 
0.721442 1.12942 
0.685104 1.18643 


0.741392 1.18122 
0.685104 1.18643 
0.721442 1.12942 
0.741392 1.18122 


0.798053 1.11398 
0.741392 1.18122 
0.721442 1.12942 
0.798053 1.11398 


0.79636 1.17613 
0.794775 1.23431 
0.741392 1.18122 
0.79636 1.17613 


0.65348 1.23605 
0.600675 1.20267 
0.685104 1.18643 
0.65348 1.23605 


0.630475 1.28002 
0.65348 1.23605 
0.687988 1.26839 
0.630475 1.28002 


0.630475 1.28002 
0.572963 1.24797 
0.65348 1.23605 
0.630475 1.28002 


0.689935 1.60167 
0.631152 1.6356 
0.609773 1.57759 
0.689935 1.60167 


0.559562 1.60658 
0.631152 1.6356 
0.572369 1.66954 
0.559562 1.60658 


0.546756 1.54361 
0.609773 1.57759 
0.559562 1.60658 
0.546756 1.54361 


0.533949 1.48065 
0.546756 1.54361 
0.505117 1.56765 
0.533949 1.48065 


0.591783 1.50023 
0.609773 1.57759 
0.546756 1.54361 
0.591783 1.50023 


0.591783 1.50023 
0.66025 1.53975 
0.609773 1.57759 
0.591783 1.50023 


0.469973 1.4826 
0.521435 1.41912 
0.533949 1.48065 
0.469973 1.4826 


0.446058 1.30776 
0.477261 1.36018 
0.41584 1.36514 
0.446058 1.30776 


0.349448 1.3005 
0.446058 1.30776 
0.41584 1.36514 
0.349448 1.3005 


0.413448 1.25297 
0.484549 1.23776 
0.446058 1.30776 
0.413448 1.25297 


0.525599 1.34916 
0.572147 1.43271 
0.521435 1.41912 
0.525599 1.34916 


0.446058 1.30776 
0.505074 1.29346 
0.477261 1.36018 
0.446058 1.30776 


0.591655 1.34556 
0.572147 1.43271 
0.525599 1.34916 
0.591655 1.34556 


0.572369 1.66954 
0.509351 1.63557 
0.559562 1.60658 
0.572369 1.66954 


0.553553 1.29166 
0.591655 1.34556 
0.525599 1.34916 
0.553553 1.29166 


0.505074 1.29346 
0.553553 1.29166 
0.525599 1.34916 
0.505074 1.29346 


0.477261 1.36018 
0.505074 1.29346 
0.525599 1.34916 
0.477261 1.36018 


0.484549 1.23776 
0.515451 1.23776 
0.505074 1.29346 
0.484549 1.23776 


0.572963 1.24797 
0.630475 1.28002 
0.553553 1.29166 
0.572963 1.24797 


0.509351 1.63557 
0.462393 1.60991 
0.505117 1.56765 
0.509351 1.63557 


0.513585 1.70348 
0.509351 1.63557 
0.572369 1.66954 
0.513585 1.70348 


0.513585 1.70348 
0.458598 1.67366 
0.509351 1.63557 
0.513585 1.70348 


0.458598 1.67366 
0.454802 1.73742 
0.394525 1.71106 
0.458598 1.67366 


0.509351 1.63557 
0.458598 1.67366 
0.462393 1.60991 
0.509351 1.63557 


0.513585 1.70348 
0.454802 1.73742 
0.458598 1.67366 
0.513585 1.70348 


0.33864 1.73501 
0.394525 1.71106 
0.396019 1.77136 
0.33864 1.73501 


0.325249 1.64261 
0.33864 1.73501 
0.282754 1.75896 
0.325249 1.64261 


0.325249 1.64261 
0.394525 1.71106 
0.33864 1.73501 
0.325249 1.64261 


0.153934 1.51724 
0.285323 1.44427 
0.305623 1.54512 
0.153934 1.51724 


0.325249 1.64261 
0.398885 1.62505 
0.394525 1.71106 
0.325249 1.64261 


0.0132176 1.20364 
0.0154508 1.26224 
-0.0154508 1.26224 
0.0132176 1.20364 


-0.0154508 1.26224 
-0.086546 1.24704 
-0.0280161 1.18803 
-0.0154508 1.26224 


0.0132176 1.20364 
0.0519064 1.18575 
0.086546 1.24704 
0.0132176 1.20364 


-0.0280161 1.18803 
0.017228 1.15979 
0.0132176 1.20364 
-0.0280161 1.18803 


0.0988758 1.08195 
0.0333331 1.08627 
0.066993 1.05535 
0.0988758 1.08195 


0.0988758 1.08195 
0.066993 1.05535 
0.0933454 1.0215 
0.0988758 1.08195 


0.138898 1.11533 
0.0988758 1.08195 
0.150811 1.03124 
0.138898 1.11533 


0.138898 1.11533 
0.0952875 1.16568 
0.0988758 1.08195 
0.138898 1.11533 


0.235664 1.15998 
0.138898 1.11533 
0.188388 1.08825 
0.235664 1.15998 


0.0519195 1.13914 
0.017228 1.15979 
0.017947 1.11835 
0.0519195 1.13914 


0.0333331 1.08627 
0.0519195 1.13914 
0.017947 1.11835 
0.0333331 1.08627 


0.0952875 1.16568 
0.0519064 1.18575 
0.0519195 1.13914 
0.0952875 1.16568 


0.150552 1.1995 
0.0952875 1.16568 
0.138898 1.11533 
0.150552 1.1995 


0.150552 1.1995 
0.086546 1.24704 
0.0952875 1.16568 
0.150552 1.1995 


0.00833478 1.07554 
0.0333331 1.08627 
0.017947 1.11835 
0.00833478 1.07554 


0.066993 1.05535 
0.0538961 1.0213 
0.0933454 1.0215 
0.066993 1.05535 


0.0519064 1.18575 
0.0952875 1.16568 
0.086546 1.24704 
0.0519064 1.18575 


0.017228 1.15979 
0.0519064 1.18575 
0.0132176 1.20364 
0.017228 1.15979 


0.017228 1.15979 
0.0519195 1.13914 
0.0519064 1.18575 
0.017228 1.15979 


0.25 1.25 
0.356464 1.20828 
0.349448 1.3005 
0.25 1.25 


0.147236 1.30988 
0.25 1.25 
0.264336 1.34002 
0.147236 1.30988 


0.235664 1.15998 
0.356464 1.20828 
0.25 1.25 
0.235664 1.15998 


0.150811 1.03124 
0.175484 0.978438 
0.245587 1.03128 
0.150811 1.03124 


0.0333331 1.08627 
0.00833478 1.07554 
0.0304281 1.04924 
0.0333331 1.08627 


0.0164013 0.792552 
0.0594493 0.803503 
0.0172281 0.840212 
0.0164013 0.792552 


0.0786197 0.991871 
0.0456537 0.996442 
0.0323847 0.972736 
0.0786197 0.991871 


0.0844136 0.948957 
0.0323847 0.972736 
0.0501337 0.914246 
0.0844136 0.948957 


0.346051 1.12603 
0.356464 1.20828 
0.235664 1.15998 
0.346051 1.12603 


0.245587 1.03128 
0.346051 1.12603 
0.235664 1.15998 
0.245587 1.03128 


0.335638 1.04377 
0.451371 1.05982 
0.346051 1.12603 
0.335638 1.04377 


0.245587 1.03128 
0.335638 1.04377 
0.346051 1.12603 
0.245587 1.03128 


0.150811 1.03124 
0.120992 0.985995 
0.175484 0.978438 
0.150811 1.03124 


0.0988758 1.08195 
0.0952875 1.16568 
0.0519195 1.13914 
0.0988758 1.08195 


0.0333331 1.08627 
0.0988758 1.08195 
0.0519195 1.13914 
0.0333331 1.08627 


0.245587 0.968716 
0.335638 1.04377 
0.245587 1.03128 
0.245587 0.968716 


0.225241 0.858483 
0.254146 0.788797 
0.335213 0.886241 
0.225241 0.858483 


0.175484 0.978438 
0.199147 0.921391 
0.245587 0.968716 
0.175484 0.978438 


0.152623 0.833202 
0.16573 0.769893 
0.225241 0.858483 
0.152623 0.833202 


0.140887 0.889896 
0.152623 0.833202 
0.225241 0.858483 
0.140887 0.889896 


0.120992 0.985995 
0.130395 0.940575 
0.175484 0.978438 
0.120992 0.985995 


0.0903876 0.911276 
0.0501337 0.914246 
0.0969349 0.869978 
0.0903876 0.911276 


0.140887 0.889896 
0.0903876 0.911276 
0.0969349 0.869978 
0.140887 0.889896 


0.0844136 0.948957 
0.0501337 0.914246 
0.0903876 0.911276 
0.0844136 0.948957 


0.105721 0.815275 
0.16573 0.769893 
0.152623 0.833202 
0.105721 0.815275 


0.254146 0.788797 
0.356464 0.791717 
0.335213 0.886241 
0.254146 0.788797 


0.451371 1.05982 
0.462929 1.16657 
0.346051 1.12603 
0.451371 1.05982 


0.086546 1.24704 
0.0370713 1.33343 
0.0154508 1.26224 
0.086546 1.24704 


0.235664 1.15998 
0.25 1.25 
0.150552 1.1995 
0.235664 1.15998 


0.153934 1.51724 
0.245509 1.64591 
0.159333 1.62723 
0.153934 1.51724 


0.150552 1.1995 
0.25 1.25 
0.147236 1.30988 
0.150552 1.1995 


0.41584 1.36514 
0.477261 1.36018 
0.473617 1.42139 
0.41584 1.36514 


0.150811 1.03124 
0.0933454 1.0215 
0.120992 0.985995 
0.150811 1.03124 


0.413448 1.25297 
0.356464 1.20828 
0.462929 1.16657 
0.413448 1.25297 


0.505074 1.29346 
0.446058 1.30776 
0.484549 1.23776 
0.505074 1.29346 


0.349448 1.3005 
0.356464 1.20828 
0.413448 1.25297 
0.349448 1.3005 


0.086546 1.24704 
0.147236 1.30988 
0.0370713 1.33343 
0.086546 1.24704 


0.0132176 1.20364 
0.086546 1.24704 
0.0154508 1.26224 
0.0132176 1.20364 


0.150552 1.1995 
0.147236 1.30988 
0.086546 1.24704 
0.150552 1.1995 


0.572963 1.24797 
0.553553 1.29166 
0.515451 1.23776 
0.572963 1.24797 


0.344464 1.37117 
0.285323 1.44427 
0.264336 1.34002 
0.344464 1.37117 


0.41584 1.36514 
0.344464 1.37117 
0.349448 1.3005 
0.41584 1.36514 


0.41584 1.36514 
0.473617 1.42139 
0.410886 1.44163 
0.41584 1.36514 


0.413448 1.25297 
0.446058 1.30776 
0.349448 1.3005 
0.413448 1.25297 


0.473617 1.42139 
0.469973 1.4826 
0.410886 1.44163 
0.473617 1.42139 


0.164787 1.38624 
0.0370713 1.33343 
0.147236 1.30988 
0.164787 1.38624 


0.153934 1.51724 
0.159333 1.62723 
0.0486294 1.55982 
0.153934 1.51724 


0.0486294 1.44018 
0.153934 1.51724 
0.0486294 1.55982 
0.0486294 1.44018 


0.164787 1.38624 
0.264336 1.34002 
0.285323 1.44427 
0.164787 1.38624 


0.0370713 1.33343 
0.164787 1.38624 
0.0486294 1.44018 
0.0370713 1.33343 


0.305623 1.54512 
0.325249 1.64261 
0.245509 1.64591 
0.305623 1.54512 


0.153934 1.51724 
0.305623 1.54512 
0.245509 1.64591 
0.153934 1.51724 


0.361033 1.49065 
0.344464 1.37117 
0.410886 1.44163 
0.361033 1.49065 


0.164787 1.38624 
0.285323 1.44427 
0.153934 1.51724 
0.164787 1.38624 


0.264336 1.34002 
0.349448 1.3005 
0.344464 1.37117 
0.264336 1.34002 


0.559562 1.60658 
0.505117 1.56765 
0.546756 1.54361 
0.559562 1.60658 


0.631152 1.6356 
0.559562 1.60658 
0.609773 1.57759 
0.631152 1.6356 


0.509351 1.63557 
0.505117 1.56765 
0.559562 1.60658 
0.509351 1.63557 


0.458598 1.67366 
0.394525 1.71106 
0.398885 1.62505 
0.458598 1.67366 


0.396019 1.77136 
0.394525 1.71106 
0.454802 1.73742 
0.396019 1.77136 


0.396019 1.77136 
0.337235 1.8053 
0.33864 1.73501 
0.396019 1.77136 


0.361033 1.49065 
0.305623 1.54512 
0.285323 1.44427 
0.361033 1.49065 


0.344464 1.37117 
0.361033 1.49065 
0.285323 1.44427 
0.344464 1.37117 


0.410886 1.44163 
0.426689 1.53046 
0.361033 1.49065 
0.410886 1.44163 


0.505117 1.56765 
0.426689 1.53046 
0.469973 1.4826 
0.505117 1.56765 


0.398885 1.62505 
0.305623 1.54512 
0.426689 1.53046 
0.398885 1.62505 


0.337235 1.8053 
0.282754 1.75896 
0.33864 1.73501 
0.337235 1.8053 


0.264336 1.34002 
0.164787 1.38624 
0.147236 1.30988 
0.264336 1.34002 


0.282754 1.75896 
0.245509 1.64591 
0.325249 1.64261 
0.282754 1.75896 


0.278452 1.83924 
0.282754 1.75896 
0.337235 1.8053 
0.278452 1.83924 


0.278452 1.83924 
0.219669 1.87317 
0.167553 1.83862 
0.278452 1.83924 


0.204642 1.74401 
0.245509 1.64591 
0.282754 1.75896 
0.204642 1.74401 


0.278452 1.83924 
0.204642 1.74401 
0.282754 1.75896 
0.278452 1.83924 


0.130345 1.73329 
0.159333 1.62723 
0.204642 1.74401 
0.130345 1.73329 


0.0486294 1.55982 
0.159333 1.62723 
0.0370713 1.66657 
0.0486294 1.55982 


0.153934 1.51724 
0.0486294 1.44018 
0.164787 1.38624 
0.153934 1.51724 


0.278452 1.83924 
0.167553 1.83862 
0.204642 1.74401 
0.278452 1.83924 


0.167553 1.83862 
0.115521 1.80412 
0.204642 1.74401 
0.167553 1.83862 


0.120085 1.85525 
0.167553 1.83862 
0.160885 1.90711 
0.120085 1.85525 


0.115521 1.80412 
0.120085 1.85525 
0.0726177 1.87188 
0.115521 1.80412 


0.115521 1.80412 
0.167553 1.83862 
0.120085 1.85525 
0.115521 1.80412 


0.0163829 1.8566 
0.0629612 1.79309 
0.0726177 1.87188 
0.0163829 1.8566 


0.130345 1.73329 
0.204642 1.74401 
0.115521 1.80412 
0.130345 1.73329 


0.067276 1.73575 
0.130345 1.73329 
0.115521 1.80412 
0.067276 1.73575 


0.0370713 1.66657 
0.067276 1.73575 
0.0154508 1.73776 
0.0370713 1.66657 


0.0370713 1.66657 
0.130345 1.73329 
0.067276 1.73575 
0.0370713 1.66657 


0.159333 1.62723 
0.245509 1.64591 
0.204642 1.74401 
0.159333 1.62723 


0.102102 1.94105 
0.120085 1.85525 
0.160885 1.90711 
0.102102 1.94105 


0.0726177 1.87188 
0.120085 1.85525 
0.102102 1.94105 
0.0726177 1.87188 


0.0474558 1.9726 
0.0319194 1.9146 
0.102102 1.94105 
0.0474558 1.9726 


0.115521 1.80412 
0.0629612 1.79309 
0.067276 1.73575 
0.115521 1.80412 


-0.00776817 1.9436 
0.0319194 1.9146 
0.0474558 1.9726 
-0.00776817 1.9436 


-0.0395514 1.9146 
-0.00776817 1.9436 
-0.0474558 1.9726 
-0.0395514 1.9146 


-0.0395514 1.9146 
0.0319194 1.9146 
-0.00776817 1.9436 
-0.0395514 1.9146 


-0.102102 1.94105 
-0.0395514 1.9146 
-0.0474558 1.9726 
-0.102102 1.94105 


-0.0316469 1.8566 
0.0163829 1.8566 
-0.0395514 1.9146 
-0.0316469 1.8566 


0.159333 1.62723 
0.130345 1.73329 
0.0370713 1.66657 
0.159333 1.62723 


0.160885 1.90711 
0.167553 1.83862 
0.219669 1.87317 
0.160885 1.90711 


0.0629612 1.79309 
0.000470747 1.7972 
0.0154508 1.73776 
0.0629612 1.79309 


0.067276 1.73575 
0.0629612 1.79309 
0.0154508 1.73776 
0.067276 1.73575 


0.115521 1.80412 
0.0726177 1.87188 
0.0629612 1.79309 
0.115521 1.80412 


0.0163829 1.8566 
0.000470747 1.7972 
0.0629612 1.79309 
0.0163829 1.8566 


0.0319194 1.9146 
0.0163829 1.8566 
0.0726177 1.87188 
0.0319194 1.9146 


0.102102 1.94105 
0.0319194 1.9146 
0.0726177 1.87188 
0.102102 1.94105 


0.0474558 1.9726 
-0 2 
-0.00776817 1.9436 
0.0474558 1.9726 


-0.0395514 1.9146 
-0.102102 1.94105 
-0.108812 1.87258 
-0.0395514 1.9146 


-0.0154508 1.73776 
0.0154508 1.73776 
0.000470747 1.7972 
-0.0154508 1.73776 


-0.00776817 1.9436 
-0 2 
-0.0474558 1.9726 
-0.00776817 1.9436 


-0.108812 1.87258 
-0.102102 1.94105 
-0.160885 1.90711 
-0.108812 1.87258 


-0.0729111 1.83078 
-0.108812 1.87258 
-0.115521 1.80412 
-0.0729111 1.83078 


-0.0316469 1.8566 
-0.0395514 1.9146 
-0.108812 1.87258 
-0.0316469 1.8566 


-0.0729111 1.83078 
-0.0316469 1.8566 
-0.108812 1.87258 
-0.0729111 1.83078 


-0.0654861 1.77094 
-0.0729111 1.83078 
-0.115521 1.80412 
-0.0654861 1.77094 


-0.0654861 1.77094 
0.000470747 1.7972 
-0.0729111 1.83078 
-0.0654861 1.77094 


0.0163829 1.8566 
0.0319194 1.9146 
-0.0395514 1.9146 
0.0163829 1.8566 


-0.108812 1.87258 
-0.160885 1.90711 
-0.167553 1.83862 
-0.108812 1.87258 


-0.167553 1.83862 
-0.160885 1.90711 
-0.219669 1.87317 
-0.167553 1.83862 


-0.210126 1.79036 
-0.167553 1.83862 
-0.219669 1.87317 
-0.210126 1.79036 


-0.115521 1.80412 
-0.108812 1.87258 
-0.167553 1.83862 
-0.115521 1.80412 


-0.0370713 1.66657 
-0.0654861 1.77094 
-0.130345 1.73329 
-0.0370713 1.66657 


0.000470747 1.7972 
0.0163829 1.8566 
-0.0316469 1.8566 
0.000470747 1.7972 


-0.210126 1.79036 
-0.115521 1.80412 
-0.167553 1.83862 
-0.210126 1.79036 


-0.278452 1.83924 
-0.210126 1.79036 
-0.219669 1.87317 
-0.278452 1.83924 


-0.274758 1.77642 
-0.217787 1.7037 
-0.210126 1.79036 
-0.274758 1.77642 


-0.0729111 1.83078 
0.000470747 1.7972 
-0.0316469 1.8566 
-0.0729111 1.83078 


-0.130345 1.73329 
-0.0654861 1.77094 
-0.115521 1.80412 
-0.130345 1.73329 


-0.0154508 1.73776 
0.000470747 1.7972 
-0.0654861 1.77094 
-0.0154508 1.73776 


-0.0654861 1.77094 
-0.0370713 1.66657 
-0.0154508 1.73776 
-0.0654861 1.77094 


-0.278452 1.83924 
-0.274758 1.77642 
-0.210126 1.79036 
-0.278452 1.83924 


-0.274758 1.77642 
-0.337235 1.8053 
-0.331656 1.74733 
-0.274758 1.77642 


-0.331656 1.74733 
-0.396019 1.77136 
-0.394525 1.71106 
-0.331656 1.74733 


-0.0370713 1.66657 
-0.130345 1.73329 
-0.153932 1.60587 
-0.0370713 1.66657 


-0.153932 1.51724 
-0.245509 1.58426 
-0.282333 1.48372 
-0.153932 1.51724 


-0.0370713 1.66657 
-0.153932 1.60587 
-0.0486294 1.55982 
-0.0370713 1.66657 


-0.130345 1.73329 
-0.217787 1.7037 
-0.153932 1.60587 
-0.130345 1.73329 


-0.274758 1.77642 
-0.325251 1.68077 
-0.217787 1.7037 
-0.274758 1.77642 


-0.115521 1.80412 
-0.210126 1.79036 
-0.130345 1.73329 
-0.115521 1.80412 


-0.278452 1.83924 
-0.337235 1.8053 
-0.274758 1.77642 
-0.278452 1.83924 


-0.394525 1.71106 
-0.454802 1.73742 
-0.458598 1.67366 
-0.394525 1.71106 


-0.509351 1.63557 
-0.513585 1.70348 
-0.572369 1.66954 
-0.509351 1.63557 


-0.546756 1.54361 
-0.504575 1.57676 
-0.559562 1.60658 
-0.546756 1.54361 


-0.462393 1.60991 
-0.458598 1.67366 
-0.509351 1.63557 
-0.462393 1.60991 


-0.217787 1.7037 
-0.130345 1.73329 
-0.210126 1.79036 
-0.217787 1.7037 


-0.245509 1.58426 
-0.217787 1.7037 
-0.325251 1.68077 
-0.245509 1.58426 


-0.398886 1.64272 
-0.3286 1.59408 
-0.325251 1.68077 
-0.398886 1.64272 


-0.394525 1.71106 
-0.398886 1.64272 
-0.325251 1.68077 
-0.394525 1.71106 


-0.462393 1.60991 
-0.466189 1.54615 
-0.403295 1.55701 
-0.462393 1.60991 


-0.153932 1.51724 
-0.0486294 1.44018 
-0.0486294 1.55982 
-0.153932 1.51724 


-0.245509 1.58426 
-0.153932 1.51724 
-0.153932 1.60587 
-0.245509 1.58426 


-0.164787 1.38624 
-0.0486294 1.44018 
-0.153932 1.51724 
-0.164787 1.38624 


-0.245509 1.58426 
-0.153932 1.60587 
-0.217787 1.7037 
-0.245509 1.58426 


-0.812424 0.541279 
-0.80515 0.464853 
-0.758209 0.514538 
-0.812424 0.541279 


-0.725195 0.559478 
-0.75915 0.618898 
-0.809537 0.598619 
-0.725195 0.559478 


-0.703336 0.487472 
-0.725195 0.559478 
-0.758209 0.514538 
-0.703336 0.487472 


-0.69218 0.604419 
-0.75915 0.618898 
-0.725195 0.559478 
-0.69218 0.604419 


-0.703336 0.487472 
-0.758209 0.514538 
-0.743243 0.429111 
-0.703336 0.487472 


-0.681319 0.39336 
-0.652261 0.457983 
-0.743243 0.429111 
-0.681319 0.39336 


-0.719881 0.663361 
-0.687988 0.732029 
-0.747274 0.72165 
-0.719881 0.663361 


-0.425974 0.441065 
-0.492262 0.428343 
-0.493896 0.357602 
-0.425974 0.441065 


-0.349927 0.481571 
-0.425974 0.441065 
-0.350377 0.375015 
-0.349927 0.481571 


-0.349927 0.481571 
-0.424845 0.526717 
-0.425974 0.441065 
-0.349927 0.481571 


-0.619395 0.357608 
-0.546521 0.387985 
-0.601185 0.428495 
-0.619395 0.357608 


-0.42768 0.32767 
-0.433624 0.250353 
-0.37516 0.297348 
-0.42768 0.32767 


-0.557471 0.321856 
-0.495548 0.286105 
-0.493896 0.357602 
-0.557471 0.321856 


-0.425974 0.441065 
-0.424845 0.526717 
-0.490663 0.497584 
-0.425974 0.441065 


-0.262458 0.428862 
-0.349927 0.481571 
-0.350377 0.375015 
-0.262458 0.428862 


-0.262458 0.428862 
-0.162491 0.490087 
-0.263409 0.545939 
-0.262458 0.428862 


-0.551579 0.709402 
-0.588241 0.655787 
-0.504432 0.642166 
-0.551579 0.709402 


-0.515451 0.762236 
-0.551579 0.709402 
-0.486044 0.697509 
-0.515451 0.762236 


-0.515451 0.762236 
-0.584466 0.763258 
-0.551579 0.709402 
-0.515451 0.762236 


-0.588241 0.655787 
-0.595677 0.583819 
-0.549771 0.566527 
-0.588241 0.655787 


-0.584466 0.763258 
-0.630475 0.742098 
-0.551579 0.709402 
-0.584466 0.763258 


-0.630475 0.742098 
-0.687988 0.732029 
-0.638114 0.693908 
-0.630475 0.742098 


-0.638114 0.693908 
-0.588241 0.655787 
-0.551579 0.709402 
-0.638114 0.693908 


-0.719881 0.663361 
-0.665147 0.649164 
-0.687988 0.732029 
-0.719881 0.663361 


-0.719881 0.663361 
-0.69218 0.604419 
-0.665147 0.649164 
-0.719881 0.663361 


-0.652261 0.457983 
-0.572575 0.4981 
-0.618363 0.521438 
-0.652261 0.457983 


-0.535687 0.453414 
-0.492262 0.428343 
-0.490663 0.497584 
-0.535687 0.453414 


-0.572575 0.4981 
-0.535687 0.453414 
-0.490663 0.497584 
-0.572575 0.4981 


-0.618363 0.521438 
-0.572575 0.4981 
-0.549771 0.566527 
-0.618363 0.521438 


-0.664151 0.544776 
-0.618363 0.521438 
-0.595677 0.583819 
-0.664151 0.544776 


-0.664151 0.544776 
-0.652261 0.457983 
-0.618363 0.521438 
-0.664151 0.544776 


-0.652261 0.457983 
-0.601185 0.428495 
-0.572575 0.4981 
-0.652261 0.457983 


-0.601185 0.428495 
-0.546521 0.387985 
-0.535687 0.453414 
-0.601185 0.428495 


-0.557471 0.321856 
-0.546521 0.387985 
-0.619395 0.357608 
-0.557471 0.321856 


-0.549771 0.566527 
-0.490663 0.497584 
-0.489095 0.565434 
-0.549771 0.566527 


-0.619395 0.357608 
-0.601185 0.428495 
-0.681319 0.39336 
-0.619395 0.357608 


-0.681319 0.39336 
-0.601185 0.428495 
-0.652261 0.457983 
-0.681319 0.39336 


-0.725195 0.559478 
-0.703336 0.487472 
-0.664151 0.544776 
-0.725195 0.559478 


-0.80665 0.655959 
-0.809537 0.598619 
-0.75915 0.618898 
-0.80665 0.655959 


-0.80515 0.464853 
-0.743243 0.429111 
-0.758209 0.514538 
-0.80515 0.464853 


-0.551579 0.709402 
-0.630475 0.742098 
-0.638114 0.693908 
-0.551579 0.709402 


-0.537071 0.833434 
-0.584466 0.763258 
-0.515451 0.762236 
-0.537071 0.833434 


-0.537071 0.833434 
-0.634808 0.813823 
-0.584466 0.763258 
-0.537071 0.833434 


-0.809537 0.598619 
-0.866025 0.634289 
-0.866025 0.567718 
-0.809537 0.598619 


-0.664151 0.544776 
-0.69218 0.604419 
-0.725195 0.559478 
-0.664151 0.544776 


-0.652261 0.457983 
-0.664151 0.544776 
-0.703336 0.487472 
-0.652261 0.457983 


-0.743243 0.429111 
-0.652261 0.457983 
-0.703336 0.487472 
-0.743243 0.429111 


-0.601185 0.428495 
-0.535687 0.453414 
-0.572575 0.4981 
-0.601185 0.428495 


-0.665147 0.649164 
-0.588241 0.655787 
-0.638114 0.693908 
-0.665147 0.649164 


-0.687988 0.732029 
-0.665147 0.649164 
-0.638114 0.693908 
-0.687988 0.732029 


-0.69218 0.604419 
-0.595677 0.583819 
-0.665147 0.649164 
-0.69218 0.604419 


-0.80665 0.711254 
-0.798053 0.781068 
-0.866025 0.76743 
-0.80665 0.711254 


-0.80665 0.655959 
-0.80665 0.711254 
-0.866025 0.700859 
-0.80665 0.655959 


-0.747274 0.72165 
-0.798053 0.781068 
-0.80665 0.711254 
-0.747274 0.72165 


-0.719881 0.663361 
-0.747274 0.72165 
-0.80665 0.655959 
-0.719881 0.663361 


-0.75915 0.618898 
-0.719881 0.663361 
-0.80665 0.655959 
-0.75915 0.618898 


-0.75915 0.618898 
-0.69218 0.604419 
-0.719881 0.663361 
-0.75915 0.618898 


-0.809537 0.598619 
-0.812424 0.541279 
-0.725195 0.559478 
-0.809537 0.598619 


-0.866025 0.634289 
-0.809537 0.598619 
-0.80665 0.655959 
-0.866025 0.634289 


-0.866025 0.567718 
-0.812424 0.541279 
-0.809537 0.598619 
-0.866025 0.567718 


-0.812424 0.541279 
-0.866025 0.5 
-0.80515 0.464853 
-0.812424 0.541279 


-0.725195 0.559478 
-0.812424 0.541279 
-0.758209 0.514538 
-0.725195 0.559478 


-0.866025 0.567718 
-0.866025 0.5 
-0.812424 0.541279 
-0.866025 0.567718 


-0.664151 0.544776 
-0.595677 0.583819 
-0.69218 0.604419 
-0.664151 0.544776 


-0.665147 0.649164 
-0.595677 0.583819 
-0.588241 0.655787 
-0.665147 0.649164 


-0.791346 0.844048 
-0.721442 0.833751 
-0.784239 0.910777 
-0.791346 0.844048 


-0.687988 0.732029 
-0.723524 0.765319 
-0.747274 0.72165 
-0.687988 0.732029 


-0.687988 0.732029 
-0.634808 0.813823 
-0.723524 0.765319 
-0.687988 0.732029 


-0.80665 0.655959 
-0.866025 0.700859 
-0.866025 0.634289 
-0.80665 0.655959 


-0.634808 0.813823 
-0.687988 0.732029 
-0.630475 0.742098 
-0.634808 0.813823 


-0.723524 0.765319 
-0.798053 0.781068 
-0.747274 0.72165 
-0.723524 0.765319 


-0.537071 0.833434 
-0.548629 0.940178 
-0.634808 0.813823 
-0.537071 0.833434 


-0.721442 0.833751 
-0.723524 0.765319 
-0.634808 0.813823 
-0.721442 0.833751 


-0.80665 0.711254 
-0.80665 0.655959 
-0.747274 0.72165 
-0.80665 0.711254 


-0.791346 0.844048 
-0.784239 0.910777 
-0.866025 0.900571 
-0.791346 0.844048 


-0.798053 0.781068 
-0.791346 0.844048 
-0.866025 0.834 
-0.798053 0.781068 


-0.798053 0.781068 
-0.721442 0.833751 
-0.791346 0.844048 
-0.798053 0.781068 


-0.798053 0.781068 
-0.723524 0.765319 
-0.721442 0.833751 
-0.798053 0.781068 


-0.866025 0.76743 
-0.798053 0.781068 
-0.866025 0.834 
-0.866025 0.76743 


-0.866025 0.76743 
-0.866025 0.700859 
-0.80665 0.711254 
-0.866025 0.76743 


-0.634808 0.813823 
-0.548629 0.940178 
-0.680355 0.951368 
-0.634808 0.813823 


-0.584466 0.763258 
-0.634808 0.813823 
-0.630475 0.742098 
-0.584466 0.763258 


-0.784239 0.910777 
-0.866025 0.967141 
-0.866025 0.900571 
-0.784239 0.910777 


-0.634808 0.813823 
-0.680355 0.951368 
-0.721442 0.833751 
-0.634808 0.813823 


-0.680355 0.951368 
-0.548629 1.05982 
-0.680355 1.07661 
-0.680355 0.951368 


-0.866025 0.834 
-0.791346 0.844048 
-0.866025 0.900571 
-0.866025 0.834 


-0.634808 1.14687 
-0.548629 1.05982 
-0.537071 1.16657 
-0.634808 1.14687 


-0.75284 1.10358 
-0.784239 1.04044 
-0.680355 1.07661 
-0.75284 1.10358 


-0.798053 1.16679 
-0.75284 1.10358 
-0.721442 1.16673 
-0.798053 1.16679 


-0.798053 1.16679 
-0.866025 1.16685 
-0.812801 1.10183 
-0.798053 1.16679 


-0.680355 0.951368 
-0.548629 0.940178 
-0.548629 1.05982 
-0.680355 0.951368 


-0.784239 1.04044 
-0.680355 0.951368 
-0.680355 1.07661 
-0.784239 1.04044 


-0.784239 0.910777 
-0.721442 0.833751 
-0.680355 0.951368 
-0.784239 0.910777 


-0.784239 0.975608 
-0.784239 0.910777 
-0.680355 0.951368 
-0.784239 0.975608 


-0.866025 1.03371 
-0.784239 0.975608 
-0.784239 1.04044 
-0.866025 1.03371 


-0.866025 0.967141 
-0.784239 0.910777 
-0.784239 0.975608 
-0.866025 0.967141 


-0.784239 1.04044 
-0.784239 0.975608 
-0.680355 0.951368 
-0.784239 1.04044 


-0.721442 1.16673 
-0.75284 1.10358 
-0.680355 1.07661 
-0.721442 1.16673 


-0.866025 1.03371 
-0.866025 0.967141 
-0.784239 0.975608 
-0.866025 1.03371 


-0.572963 1.24797 
-0.537071 1.16657 
-0.515451 1.23776 
-0.572963 1.24797 


-0.680355 1.07661 
-0.634808 1.14687 
-0.721442 1.16673 
-0.680355 1.07661 


-0.680355 1.07661 
-0.548629 1.05982 
-0.634808 1.14687 
-0.680355 1.07661 


-0.572963 1.24797 
-0.600675 1.20267 
-0.537071 1.16657 
-0.572963 1.24797 


-0.812801 1.10183 
-0.784239 1.04044 
-0.75284 1.10358 
-0.812801 1.10183 


-0.798053 1.16679 
-0.812801 1.10183 
-0.75284 1.10358 
-0.798053 1.16679 


-0.866025 1.10028 
-0.866025 1.03371 
-0.812801 1.10183 
-0.866025 1.10028 


-0.812801 1.10183 
-0.866025 1.03371 
-0.784239 1.04044 
-0.812801 1.10183 


-0.812801 1.10183 
-0.866025 1.16685 
-0.866025 1.10028 
-0.812801 1.10183 


-0.794775 1.23431 
-0.798053 1.16679 
-0.721442 1.16673 
-0.794775 1.23431 


-0.794775 1.23431 
-0.866025 1.23342 
-0.798053 1.16679 
-0.794775 1.23431 


-0.65348 1.23605 
-0.687988 1.26839 
-0.723524 1.23519 
-0.65348 1.23605 


-0.600675 1.20267 
-0.65348 1.23605 
-0.634808 1.14687 
-0.600675 1.20267 


-0.537071 1.16657 
-0.600675 1.20267 
-0.634808 1.14687 
-0.537071 1.16657 


-0.572963 1.24797 
-0.65348 1.23605 
-0.600675 1.20267 
-0.572963 1.24797 


-0.572963 1.24797 
-0.534349 1.30275 
-0.630475 1.28002 
-0.572963 1.24797 


-0.534349 1.30275 
-0.572963 1.24797 
-0.515451 1.23776 
-0.534349 1.30275 


-0.534349 1.30275 
-0.591655 1.34556 
-0.630475 1.28002 
-0.534349 1.30275 


-0.723524 1.23519 
-0.747274 1.32294 
-0.80665 1.28945 
-0.723524 1.23519 


-0.798053 1.16679 
-0.866025 1.23342 
-0.866025 1.16685 
-0.798053 1.16679 


-0.723524 1.23519 
-0.794775 1.23431 
-0.721442 1.16673 
-0.723524 1.23519 


-0.634808 1.14687 
-0.65348 1.23605 
-0.721442 1.16673 
-0.634808 1.14687 


-0.687988 1.26839 
-0.747274 1.32294 
-0.723524 1.23519 
-0.687988 1.26839 


-0.721442 1.16673 
-0.65348 1.23605 
-0.723524 1.23519 
-0.721442 1.16673 


-0.567016 1.46156 
-0.546125 1.40486 
-0.496745 1.43337 
-0.567016 1.46156 


-0.546756 1.54361 
-0.567016 1.46156 
-0.500883 1.49974 
-0.546756 1.54361 


-0.588395 1.51957 
-0.630565 1.47784 
-0.567016 1.46156 
-0.588395 1.51957 


-0.72178 1.4487 
-0.734527 1.38582 
-0.649726 1.38503 
-0.72178 1.4487 


-0.709032 1.51159 
-0.72178 1.4487 
-0.630565 1.47784 
-0.709032 1.51159 


-0.709032 1.51159 
-0.748719 1.56773 
-0.761363 1.48544 
-0.709032 1.51159 


-0.591655 1.34556 
-0.546125 1.40486 
-0.600951 1.41608 
-0.591655 1.34556 


-0.80665 1.28945 
-0.866025 1.23342 
-0.794775 1.23431 
-0.80665 1.28945 


-0.866025 1.5 
-0.866025 1.43313 
-0.813694 1.45929 
-0.866025 1.5 


-0.80665 1.34475 
-0.810172 1.40202 
-0.866025 1.36656 
-0.80665 1.34475 


-0.866025 1.29999 
-0.80665 1.28945 
-0.80665 1.34475 
-0.866025 1.29999 


-0.687988 1.26839 
-0.630475 1.28002 
-0.669464 1.33425 
-0.687988 1.26839 


-0.709032 1.51159 
-0.66025 1.53975 
-0.689935 1.60167 
-0.709032 1.51159 


-0.761363 1.48544 
-0.813694 1.45929 
-0.765976 1.42536 
-0.761363 1.48544 


-0.649726 1.38503 
-0.591655 1.34556 
-0.600951 1.41608 
-0.649726 1.38503 


-0.630565 1.47784 
-0.72178 1.4487 
-0.649726 1.38503 
-0.630565 1.47784 


-0.747274 1.32294 
-0.687988 1.26839 
-0.669464 1.33425 
-0.747274 1.32294 


-0.80665 1.34475 
-0.747274 1.32294 
-0.734527 1.38582 
-0.80665 1.34475 


-0.866025 1.29999 
-0.80665 1.34475 
-0.866025 1.36656 
-0.866025 1.29999 


-0.80665 1.28945 
-0.747274 1.32294 
-0.80665 1.34475 
-0.80665 1.28945 


-0.866025 1.23342 
-0.80665 1.28945 
-0.866025 1.29999 
-0.866025 1.23342 


-0.794775 1.23431 
-0.723524 1.23519 
-0.80665 1.28945 
-0.794775 1.23431 


-0.810172 1.40202 
-0.80665 1.34475 
-0.734527 1.38582 
-0.810172 1.40202 


-0.72178 1.4487 
-0.765976 1.42536 
-0.734527 1.38582 
-0.72178 1.4487 


-0.813694 1.45929 
-0.866025 1.43313 
-0.810172 1.40202 
-0.813694 1.45929 


-0.484549 1.23776 
-0.480905 1.29897 
-0.515451 1.23776 
-0.484549 1.23776 


-0.761363 1.48544 
-0.748719 1.56773 
-0.807501 1.53379 
-0.761363 1.48544 


-0.709032 1.51159 
-0.689935 1.60167 
-0.748719 1.56773 
-0.709032 1.51159 


-0.630565 1.47784 
-0.66025 1.53975 
-0.709032 1.51159 
-0.630565 1.47784 


-0.649726 1.38503 
-0.669464 1.33425 
-0.591655 1.34556 
-0.649726 1.38503 


-0.630565 1.47784 
-0.649726 1.38503 
-0.600951 1.41608 
-0.630565 1.47784 


-0.734527 1.38582 
-0.669464 1.33425 
-0.649726 1.38503 
-0.734527 1.38582 


-0.810172 1.40202 
-0.866025 1.43313 
-0.866025 1.36656 
-0.810172 1.40202 


-0.765976 1.42536 
-0.813694 1.45929 
-0.810172 1.40202 
-0.765976 1.42536 


-0.734527 1.38582 
-0.765976 1.42536 
-0.810172 1.40202 
-0.734527 1.38582 


-0.72178 1.4487 
-0.761363 1.48544 
-0.765976 1.42536 
-0.72178 1.4487 


-0.761363 1.48544 
-0.807501 1.53379 
-0.813694 1.45929 
-0.761363 1.48544 


-0.709032 1.51159 
-0.761363 1.48544 
-0.72178 1.4487 
-0.709032 1.51159 


-0.807501 1.53379 
-0.866025 1.5 
-0.813694 1.45929 
-0.807501 1.53379 


-0.747274 1.32294 
-0.669464 1.33425 
-0.734527 1.38582 
-0.747274 1.32294 


-0.600951 1.41608 
-0.546125 1.40486 
-0.567016 1.46156 
-0.600951 1.41608 


-0.50914 1.35867 
-0.546125 1.40486 
-0.591655 1.34556 
-0.50914 1.35867 


-0.496745 1.43337 
-0.500883 1.49974 
-0.567016 1.46156 
-0.496745 1.43337 


-0.611468 1.56792 
-0.631152 1.6356 
-0.689935 1.60167 
-0.611468 1.56792 


-0.630475 1.28002 
-0.591655 1.34556 
-0.669464 1.33425 
-0.630475 1.28002 


-0.65348 1.23605 
-0.630475 1.28002 
-0.687988 1.26839 
-0.65348 1.23605 


-0.65348 1.23605 
-0.572963 1.24797 
-0.630475 1.28002 
-0.65348 1.23605 


-0.480905 1.29897 
-0.534349 1.30275 
-0.515451 1.23776 
-0.480905 1.29897 


-0.462929 1.16657 
-0.413448 1.25297 
-0.484549 1.23776 
-0.462929 1.16657 


-0.346352 1.52251 
-0.403295 1.55701 
-0.439758 1.49053 
-0.346352 1.52251 


-0.282333 1.48372 
-0.346352 1.52251 
-0.351043 1.45582 
-0.282333 1.48372 


-0.3286 1.59408 
-0.403295 1.55701 
-0.346352 1.52251 
-0.3286 1.59408 


-0.534349 1.30275 
-0.50914 1.35867 
-0.591655 1.34556 
-0.534349 1.30275 


-0.611468 1.56792 
-0.689935 1.60167 
-0.66025 1.53975 
-0.611468 1.56792 


-0.50914 1.35867 
-0.496745 1.43337 
-0.546125 1.40486 
-0.50914 1.35867 


-0.480905 1.29897 
-0.50914 1.35867 
-0.534349 1.30275 
-0.480905 1.29897 


-0.480905 1.29897 
-0.413448 1.25297 
-0.434974 1.33165 
-0.480905 1.29897 


-0.572369 1.66954 
-0.559562 1.60658 
-0.509351 1.63557 
-0.572369 1.66954 


-0.572369 1.66954 
-0.631152 1.6356 
-0.559562 1.60658 
-0.572369 1.66954 


-0.331656 1.74733 
-0.325251 1.68077 
-0.274758 1.77642 
-0.331656 1.74733 


-0.396019 1.77136 
-0.331656 1.74733 
-0.337235 1.8053 
-0.396019 1.77136 


-0.394525 1.71106 
-0.325251 1.68077 
-0.331656 1.74733 
-0.394525 1.71106 


-0.454802 1.73742 
-0.394525 1.71106 
-0.396019 1.77136 
-0.454802 1.73742 


-0.458598 1.67366 
-0.462393 1.60991 
-0.398886 1.64272 
-0.458598 1.67366 


-0.394525 1.71106 
-0.458598 1.67366 
-0.398886 1.64272 
-0.394525 1.71106 


-0.513585 1.70348 
-0.458598 1.67366 
-0.454802 1.73742 
-0.513585 1.70348 


-0.513585 1.70348 
-0.509351 1.63557 
-0.458598 1.67366 
-0.513585 1.70348 


-0.3286 1.59408 
-0.245509 1.58426 
-0.325251 1.68077 
-0.3286 1.59408 


-0.462393 1.60991 
-0.403295 1.55701 
-0.398886 1.64272 
-0.462393 1.60991 


-0.411578 1.43124 
-0.452025 1.39303 
-0.381515 1.36797 
-0.411578 1.43124 


-0.316917 1.38931 
-0.351043 1.45582 
-0.381515 1.36797 
-0.316917 1.38931 


-0.439758 1.49053 
-0.500883 1.49974 
-0.496745 1.43337 
-0.439758 1.49053 


-0.351043 1.45582 
-0.346352 1.52251 
-0.439758 1.49053 
-0.351043 1.45582 


-0.466189 1.54615 
-0.500883 1.49974 
-0.439758 1.49053 
-0.466189 1.54615 


-0.611468 1.56792 
-0.546756 1.54361 
-0.559562 1.60658 
-0.611468 1.56792 


-0.381515 1.36797 
-0.452025 1.39303 
-0.434974 1.33165 
-0.381515 1.36797 


-0.24585 1.2888 
-0.316917 1.38931 
-0.349448 1.3005 
-0.24585 1.2888 


-0.403295 1.55701 
-0.466189 1.54615 
-0.439758 1.49053 
-0.403295 1.55701 


-0.411578 1.43124 
-0.351043 1.45582 
-0.439758 1.49053 
-0.411578 1.43124 


-0.3286 1.59408 
-0.398886 1.64272 
-0.403295 1.55701 
-0.3286 1.59408 


-0.356464 1.20828 
-0.413448 1.25297 
-0.462929 1.16657 
-0.356464 1.20828 


-0.451371 1.05982 
-0.335213 1.11376 
-0.462929 1.16657 
-0.451371 1.05982 


-0.301797 1.25585 
-0.24585 1.2888 
-0.349448 1.3005 
-0.301797 1.25585 


-0.0486294 1.55982 
-0.153932 1.60587 
-0.153932 1.51724 
-0.0486294 1.55982 


-0.504575 1.57676 
-0.462393 1.60991 
-0.509351 1.63557 
-0.504575 1.57676 


-0.559562 1.60658 
-0.504575 1.57676 
-0.509351 1.63557 
-0.559562 1.60658 


-0.546756 1.54361 
-0.500883 1.49974 
-0.504575 1.57676 
-0.546756 1.54361 


-0.0486294 1.44018 
-0.164787 1.38624 
-0.0370713 1.33343 
-0.0486294 1.44018 


-0.452025 1.39303 
-0.496745 1.43337 
-0.50914 1.35867 
-0.452025 1.39303 


-0.349448 1.3005 
-0.381515 1.36797 
-0.434974 1.33165 
-0.349448 1.3005 


-0.411578 1.43124 
-0.439758 1.49053 
-0.496745 1.43337 
-0.411578 1.43124 


-0.411578 1.43124 
-0.496745 1.43337 
-0.452025 1.39303 
-0.411578 1.43124 


-0.504575 1.57676 
-0.500883 1.49974 
-0.466189 1.54615 
-0.504575 1.57676 


-0.546756 1.54361 
-0.588395 1.51957 
-0.567016 1.46156 
-0.546756 1.54361 


-0.462393 1.60991 
-0.504575 1.57676 
-0.466189 1.54615 
-0.462393 1.60991 


-0.588395 1.51957 
-0.66025 1.53975 
-0.630565 1.47784 
-0.588395 1.51957 


-0.631152 1.6356 
-0.611468 1.56792 
-0.559562 1.60658 
-0.631152 1.6356 


-0.567016 1.46156 
-0.630565 1.47784 
-0.600951 1.41608 
-0.567016 1.46156 


-0.611468 1.56792 
-0.588395 1.51957 
-0.546756 1.54361 
-0.611468 1.56792 


-0.611468 1.56792 
-0.66025 1.53975 
-0.588395 1.51957 
-0.611468 1.56792 


-0.434974 1.33165 
-0.413448 1.25297 
-0.349448 1.3005 
-0.434974 1.33165 


-0.282333 1.48372 
-0.316917 1.38931 
-0.164787 1.38624 
-0.282333 1.48372 


-0.316917 1.38931 
-0.381515 1.36797 
-0.349448 1.3005 
-0.316917 1.38931 


-0.164787 1.38624 
-0.316917 1.38931 
-0.24585 1.2888 
-0.164787 1.38624 


-0.351043 1.45582 
-0.411578 1.43124 
-0.381515 1.36797 
-0.351043 1.45582 


-0.282333 1.48372 
-0.351043 1.45582 
-0.316917 1.38931 
-0.282333 1.48372 


-0.282333 1.48372 
-0.245509 1.58426 
-0.346352 1.52251 
-0.282333 1.48372 


-0.153932 1.51724 
-0.282333 1.48372 
-0.164787 1.38624 
-0.153932 1.51724 


-0.245509 1.58426 
-0.3286 1.59408 
-0.346352 1.52251 
-0.245509 1.58426 


-0.50914 1.35867 
-0.434974 1.33165 
-0.452025 1.39303 
-0.50914 1.35867 


-0.50914 1.35867 
-0.480905 1.29897 
-0.434974 1.33165 
-0.50914 1.35867 


-0.413448 1.25297 
-0.356464 1.20828 
-0.349448 1.3005 
-0.413448 1.25297 


-0.484549 1.23776 
-0.413448 1.25297 
-0.480905 1.29897 
-0.484549 1.23776 


-0.301797 1.25585 
-0.254146 1.2112 
-0.24585 1.2888 
-0.301797 1.25585 


-0.356464 1.20828 
-0.301797 1.25585 
-0.349448 1.3005 
-0.356464 1.20828 


-0.356464 1.20828 
-0.254146 1.2112 
-0.301797 1.25585 
-0.356464 1.20828 


-0.198201 1.24415 
-0.150552 1.1995 
-0.147236 1.30988 
-0.198201 1.24415 


-0.254146 1.2112 
-0.198201 1.24415 
-0.24585 1.2888 
-0.254146 1.2112 


-0.254146 1.2112 
-0.150552 1.1995 
-0.198201 1.24415 
-0.254146 1.2112 


-0.451371 1.05982 
-0.334614 0.959381 
-0.335213 1.11376 
-0.451371 1.05982 


-0.0453344 1.05647 
-0.0161024 1.03852 
-0.0160108 1.06997 
-0.0453344 1.05647 


-0.147236 1.30988 
-0.24585 1.2888 
-0.198201 1.24415 
-0.147236 1.30988 


-0.335213 1.11376 
-0.254146 1.2112 
-0.356464 1.20828 
-0.335213 1.11376 


-0.042061 0.985386 
-0.0161803 1.01176 
-0.0420612 1.01461 
-0.042061 0.985386 


-0.0809855 0.946517 
-0.0753186 1.00203 
-0.118065 0.976991 
-0.0809855 0.946517 


-0.17304 0.970919 
-0.118066 1.02301 
-0.173041 1.02908 
-0.17304 0.970919 


-0.127032 0.928275 
-0.118065 0.976991 
-0.17304 0.970919 
-0.127032 0.928275 


-0.127032 0.928275 
-0.0865744 0.897862 
-0.0809855 0.946517 
-0.127032 0.928275 


-0.0777855 0.766708 
-0.0430618 0.813036 
-0.0933103 0.839833 
-0.0777855 0.766708 


-0.0157761 0.849439 
-0.015903 0.893028 
-0.0494632 0.869966 
-0.0157761 0.849439 


-0.0444899 0.954933 
-0.0160108 0.930034 
-0.0161024 0.96148 
-0.0444899 0.954933 


-0.0809855 0.946517 
-0.0865744 0.897862 
-0.0470564 0.918632 
-0.0809855 0.946517 


-0.0865744 0.897862 
-0.137744 0.870079 
-0.0933103 0.839833 
-0.0865744 0.897862 


-0.0470564 0.918632 
-0.0865744 0.897862 
-0.0494632 0.869966 
-0.0470564 0.918632 


-0.127032 0.928275 
-0.137744 0.870079 
-0.0865744 0.897862 
-0.127032 0.928275 


-0.118065 0.976991 
-0.127032 0.928275 
-0.0809855 0.946517 
-0.118065 0.976991 


-0.17304 0.970919 
-0.243766 0.974324 
-0.197438 0.916135 
-0.17304 0.970919 


-0.150552 0.800496 
-0.0777855 0.766708 
-0.0933103 0.839833 
-0.150552 0.800496 


-0.015903 0.893028 
-0.0160108 0.930034 
-0.0470564 0.918632 
-0.015903 0.893028 


-0.0753186 1.00203 
-0.118066 1.02301 
-0.118065 0.976991 
-0.0753186 1.00203 


-0.17304 0.970919 
-0.173041 1.02908 
-0.243766 0.974324 
-0.17304 0.970919 


-0.0420612 1.01461 
-0.0453344 1.05647 
-0.0791094 1.04093 
-0.0420612 1.01461 


-0.086558 1.10215 
-0.0725362 1.17117 
-0.137744 1.12992 
-0.086558 1.10215 


-0.0472528 1.09065 
-0.0494637 1.13003 
-0.086558 1.10215 
-0.0472528 1.09065 


-0.0791094 1.04093 
-0.0472528 1.09065 
-0.086558 1.10215 
-0.0791094 1.04093 


-0.0453344 1.05647 
-0.0160108 1.06997 
-0.0472528 1.09065 
-0.0453344 1.05647 


-0.015903 1.10697 
-0.0157761 1.15056 
-0.0494637 1.13003 
-0.015903 1.10697 


-0.150552 1.1995 
-0.254146 1.2112 
-0.248889 1.12293 
-0.150552 1.1995 


-0.451371 0.940178 
-0.462929 0.833434 
-0.352762 0.809881 
-0.451371 0.940178 


-0.0161024 1.03852 
-0.0161803 1.01176 
0.00618034 1.01902 
-0.0161024 1.03852 


-0.248889 1.12293 
-0.254146 1.2112 
-0.335213 1.11376 
-0.248889 1.12293 


-0.243765 1.03689 
-0.248889 1.12293 
-0.335213 1.11376 
-0.243765 1.03689 


-0.243765 1.03689 
-0.173041 1.02908 
-0.248889 1.12293 
-0.243765 1.03689 


-0.086558 1.10215 
-0.0494637 1.13003 
-0.0725362 1.17117 
-0.086558 1.10215 


-0.127033 1.07173 
-0.086558 1.10215 
-0.137744 1.12992 
-0.127033 1.07173 


-0.127033 1.07173 
-0.0791094 1.04093 
-0.086558 1.10215 
-0.127033 1.07173 


0.017947 1.11835 
-0.015903 1.10697 
0.00833478 1.07554 
0.017947 1.11835 


0.017947 1.11835 
0.017228 1.15979 
-0.0157761 1.15056 
0.017947 1.11835 


-0.086546 1.24704 
-0.0370713 1.33343 
-0.147236 1.30988 
-0.086546 1.24704 


-0.334614 0.959381 
-0.451371 0.940178 
-0.352762 0.809881 
-0.334614 0.959381 


-0.243765 1.03689 
-0.334614 0.959381 
-0.243766 0.974324 
-0.243765 1.03689 


-0.243765 1.03689 
-0.335213 1.11376 
-0.334614 0.959381 
-0.243765 1.03689 


-0.173041 1.02908 
-0.243765 1.03689 
-0.243766 0.974324 
-0.173041 1.02908 


-0.173041 1.02908 
-0.137744 1.12992 
-0.248889 1.12293 
-0.173041 1.02908 


-0.356464 1.20828 
-0.462929 1.16657 
-0.335213 1.11376 
-0.356464 1.20828 


-0.451371 1.05982 
-0.451371 0.940178 
-0.334614 0.959381 
-0.451371 1.05982 


0.00618034 1.01902 
0.00717094 1.04501 
-0.0161024 1.03852 
0.00618034 1.01902 


-0.0157761 1.15056 
-0.015903 1.10697 
0.017947 1.11835 
-0.0157761 1.15056 


-0.0280161 1.18803 
-0.086546 1.24704 
-0.0725362 1.17117 
-0.0280161 1.18803 


-0.0725362 1.17117 
-0.0494637 1.13003 
-0.0157761 1.15056 
-0.0725362 1.17117 


-0.0280161 1.18803 
-0.0725362 1.17117 
-0.0157761 1.15056 
-0.0280161 1.18803 


0.017228 1.15979 
-0.0280161 1.18803 
-0.0157761 1.15056 
0.017228 1.15979 


0.0132176 1.20364 
-0.0154508 1.26224 
-0.0280161 1.18803 
0.0132176 1.20364 


-0.127033 1.07173 
-0.173041 1.02908 
-0.118066 1.02301 
-0.127033 1.07173 


-0.0753186 1.00203 
-0.0420612 1.01461 
-0.0791094 1.04093 
-0.0753186 1.00203 


-0.137744 1.12992 
-0.173041 1.02908 
-0.127033 1.07173 
-0.137744 1.12992 


-0.150552 1.1995 
-0.137744 1.12992 
-0.0725362 1.17117 
-0.150552 1.1995 


-0.150552 1.1995 
-0.248889 1.12293 
-0.137744 1.12992 
-0.150552 1.1995 


-0.147236 1.30988 
-0.164787 1.38624 
-0.24585 1.2888 
-0.147236 1.30988 


-0.086546 1.24704 
-0.147236 1.30988 
-0.150552 1.1995 
-0.086546 1.24704 


-0.0725362 1.17117 
-0.086546 1.24704 
-0.150552 1.1995 
-0.0725362 1.17117 


-0.0154508 1.26224 
-0.0370713 1.33343 
-0.086546 1.24704 
-0.0154508 1.26224 


-0.0370713 1.33343 
-0.164787 1.38624 
-0.147236 1.30988 
-0.0370713 1.33343 


0.0323847 0.972736 
0.02 1 
0.00618034 0.980979 
0.0323847 0.972736 


0.0538961 1.0213 
0.0456537 0.996442 
0.0786197 0.991871 
0.0538961 1.0213 


0.0933454 1.0215 
0.0538961 1.0213 
0.0786197 0.991871 
0.0933454 1.0215 


0.120992 0.985995 
0.0933454 1.0215 
0.0786197 0.991871 
0.120992 0.985995 


0.066993 1.05535 
0.0333331 1.08627 
0.0304281 1.04924 
0.066993 1.05535 


0.150811 1.03124 
0.0988758 1.08195 
0.0933454 1.0215 
0.150811 1.03124 


0.150811 1.03124 
0.188388 1.08825 
0.138898 1.11533 
0.150811 1.03124 


0.0259956 1.02125 
0.00618034 1.01902 
0.02 1 
0.0259956 1.02125 


0.0304281 1.04924 
0.0259956 1.02125 
0.0538961 1.0213 
0.0304281 1.04924 


0.0304281 1.04924 
0.00717094 1.04501 
0.0259956 1.02125 
0.0304281 1.04924 


0.0456537 0.996442 
0.0259956 1.02125 
0.02 1 
0.0456537 0.996442 


0.0456537 0.996442 
0.0538961 1.0213 
0.0259956 1.02125 
0.0456537 0.996442 


0.0259956 1.02125 
0.00717094 1.04501 
0.00618034 1.01902 
0.0259956 1.02125 


0.0538961 1.0213 
0.066993 1.05535 
0.0304281 1.04924 
0.0538961 1.0213 


0.00833478 1.07554 
0.00717094 1.04501 
0.0304281 1.04924 
0.00833478 1.07554 


-0.0161024 1.03852 
-0.0420612 1.01461 
-0.0161803 1.01176 
-0.0161024 1.03852 


0.00833478 1.07554 
-0.0160108 1.06997 
0.00717094 1.04501 
0.00833478 1.07554 


-0.0472528 1.09065 
-0.015903 1.10697 
-0.0494637 1.13003 
-0.0472528 1.09065 


0.00717094 1.04501 
-0.0160108 1.06997 
-0.0161024 1.03852 
0.00717094 1.04501 


0.00833478 1.07554 
-0.015903 1.10697 
-0.0160108 1.06997 
0.00833478 1.07554 


0.188388 1.08825 
0.245587 1.03128 
0.235664 1.15998 
0.188388 1.08825 


0.150552 1.1995 
0.138898 1.11533 
0.235664 1.15998 
0.150552 1.1995 


0.150811 1.03124 
0.245587 1.03128 
0.188388 1.08825 
0.150811 1.03124 


0.0191158 0.94903 
0.00833478 0.924456 
0.0501337 0.914246 
0.0191158 0.94903 


0.245587 0.968716 
0.245587 1.03128 
0.175484 0.978438 
0.245587 0.968716 


0.484549 1.23776 
0.413448 1.25297 
0.462929 1.16657 
0.484549 1.23776 


0.349448 1.3005 
0.264336 1.34002 
0.25 1.25 
0.349448 1.3005 


0.462929 1.16657 
0.356464 1.20828 
0.346051 1.12603 
0.462929 1.16657 


-0.0494632 0.869966 
-0.015903 0.893028 
-0.0470564 0.918632 
-0.0494632 0.869966 


-0.0933103 0.839833 
-0.0430618 0.813036 
-0.0494632 0.869966 
-0.0933103 0.839833 


-0.143536 0.708283 
-0.0777855 0.766708 
-0.150552 0.800496 
-0.143536 0.708283 


-0.254146 0.788797 
-0.143536 0.708283 
-0.150552 0.800496 
-0.254146 0.788797 


-0.164787 0.613759 
-0.0370713 0.666566 
-0.143536 0.708283 
-0.164787 0.613759 


-0.0154508 0.737764 
0.0164013 0.792552 
-0.0430618 0.813036 
-0.0154508 0.737764 


0.0172281 0.840212 
0.017947 0.881655 
-0.0157761 0.849439 
0.0172281 0.840212 


0.0164013 0.792552 
0.0172281 0.840212 
-0.0157761 0.849439 
0.0164013 0.792552 


0.0594493 0.803503 
0.086546 0.752964 
0.105721 0.815275 
0.0594493 0.803503 


0.0571982 0.851971 
0.0594493 0.803503 
0.105721 0.815275 
0.0571982 0.851971 


0.0164013 0.792552 
0.0154508 0.737764 
0.0594493 0.803503 
0.0164013 0.792552 


-0.0161024 0.96148 
0.0191158 0.94903 
0.00618034 0.980979 
-0.0161024 0.96148 


-0.0157761 0.849439 
0.017947 0.881655 
-0.015903 0.893028 
-0.0157761 0.849439 


0.0969349 0.869978 
0.0501337 0.914246 
0.0571982 0.851971 
0.0969349 0.869978 


0.105721 0.815275 
0.0969349 0.869978 
0.0571982 0.851971 
0.105721 0.815275 


0.140887 0.889896 
0.130395 0.940575 
0.0903876 0.911276 
0.140887 0.889896 


0.130395 0.940575 
0.0844136 0.948957 
0.0903876 0.911276 
0.130395 0.940575 


0.199147 0.921391 
0.130395 0.940575 
0.140887 0.889896 
0.199147 0.921391 


0.120992 0.985995 
0.0844136 0.948957 
0.130395 0.940575 
0.120992 0.985995 


0.120992 0.985995 
0.0786197 0.991871 
0.0844136 0.948957 
0.120992 0.985995 


-0.015903 0.893028 
0.017947 0.881655 
0.00833478 0.924456 
-0.015903 0.893028 


0.105721 0.815275 
0.086546 0.752964 
0.16573 0.769893 
0.105721 0.815275 


0.212014 0.718303 
0.164787 0.613759 
0.264336 0.659983 
0.212014 0.718303 


0.086546 0.752964 
0.147238 0.690119 
0.16573 0.769893 
0.086546 0.752964 


0.0594493 0.803503 
0.0571982 0.851971 
0.0172281 0.840212 
0.0594493 0.803503 


0.254146 0.788797 
0.225241 0.858483 
0.16573 0.769893 
0.254146 0.788797 


0.0571982 0.851971 
0.017947 0.881655 
0.0172281 0.840212 
0.0571982 0.851971 


0.152623 0.833202 
0.140887 0.889896 
0.0969349 0.869978 
0.152623 0.833202 


0.0501337 0.914246 
0.017947 0.881655 
0.0571982 0.851971 
0.0501337 0.914246 


0.0154508 0.737764 
0.0370713 0.666566 
0.086546 0.752964 
0.0154508 0.737764 


0.0370713 0.666566 
0.164787 0.613759 
0.147238 0.690119 
0.0370713 0.666566 


0.017947 0.881655 
0.0501337 0.914246 
0.00833478 0.924456 
0.017947 0.881655 


0.0323847 0.972736 
0.00618034 0.980979 
0.0191158 0.94903 
0.0323847 0.972736 


-0.0161803 0.988244 
-0.0161024 0.96148 
0.00618034 0.980979 
-0.0161803 0.988244 


0.105721 0.815275 
0.152623 0.833202 
0.0969349 0.869978 
0.105721 0.815275 


-0.0161024 0.96148 
-0.0160108 0.930034 
0.0191158 0.94903 
-0.0161024 0.96148 


-0.042061 0.985386 
-0.0161024 0.96148 
-0.0161803 0.988244 
-0.042061 0.985386 


-0.042061 0.985386 
-0.0753186 1.00203 
-0.0809855 0.946517 
-0.042061 0.985386 


-0.042061 0.985386 
-0.0161803 0.988244 
-0.0161803 1.01176 
-0.042061 0.985386 


-0.224343 0.855721 
-0.2924 0.86989 
-0.254146 0.788797 
-0.224343 0.855721 


-0.0154508 0.737764 
0.0154508 0.737764 
0.0164013 0.792552 
-0.0154508 0.737764 


-0.0160108 0.930034 
-0.015903 0.893028 
0.00833478 0.924456 
-0.0160108 0.930034 


0.0191158 0.94903 
-0.0160108 0.930034 
0.00833478 0.924456 
0.0191158 0.94903 


-0.0444899 0.954933 
-0.042061 0.985386 
-0.0809855 0.946517 
-0.0444899 0.954933 


-0.0753186 1.00203 
-0.042061 0.985386 
-0.0420612 1.01461 
-0.0753186 1.00203 


-0.0791094 1.04093 
-0.127033 1.07173 
-0.118066 1.02301 
-0.0791094 1.04093 


-0.0753186 1.00203 
-0.0791094 1.04093 
-0.118066 1.02301 
-0.0753186 1.00203 


-0.0453344 1.05647 
-0.0472528 1.09065 
-0.0791094 1.04093 
-0.0453344 1.05647 


-0.0161024 1.03852 
-0.0453344 1.05647 
-0.0420612 1.01461 
-0.0161024 1.03852 


-0.0160108 1.06997 
-0.015903 1.10697 
-0.0472528 1.09065 
-0.0160108 1.06997 


-0.2924 0.86989 
-0.243766 0.974324 
-0.334614 0.959381 
-0.2924 0.86989 


-0.2924 0.86989 
-0.197438 0.916135 
-0.243766 0.974324 
-0.2924 0.86989 


-0.150552 0.800496 
-0.224343 0.855721 
-0.254146 0.788797 
-0.150552 0.800496 


-0.150552 0.800496 
-0.137744 0.870079 
-0.224343 0.855721 
-0.150552 0.800496 


-0.137744 0.870079 
-0.127032 0.928275 
-0.197438 0.916135 
-0.137744 0.870079 


-0.0933103 0.839833 
-0.0494632 0.869966 
-0.0865744 0.897862 
-0.0933103 0.839833 


-0.118065 0.976991 
-0.118066 1.02301 
-0.17304 0.970919 
-0.118065 0.976991 


-0.0444899 0.954933 
-0.0161024 0.96148 
-0.042061 0.985386 
-0.0444899 0.954933 


-0.0470564 0.918632 
-0.0444899 0.954933 
-0.0809855 0.946517 
-0.0470564 0.918632 


-0.0470564 0.918632 
-0.0160108 0.930034 
-0.0444899 0.954933 
-0.0470564 0.918632 


-0.2924 0.86989 
-0.352762 0.809881 
-0.254146 0.788797 
-0.2924 0.86989 


-0.197438 0.916135 
-0.2924 0.86989 
-0.224343 0.855721 
-0.197438 0.916135 


-0.334614 0.959381 
-0.352762 0.809881 
-0.2924 0.86989 
-0.334614 0.959381 


-0.484549 0.762236 
-0.422214 0.733292 
-0.462929 0.833434 
-0.484549 0.762236 


-0.440111 0.617532 
-0.486044 0.697509 
-0.504432 0.642166 
-0.440111 0.617532 


-0.352762 0.809881 
-0.422214 0.733292 
-0.334265 0.730105 
-0.352762 0.809881 


-0.484549 0.762236 
-0.486044 0.697509 
-0.422214 0.733292 
-0.484549 0.762236 


-0.143536 0.708283 
-0.0370713 0.666566 
-0.0777855 0.766708 
-0.143536 0.708283 


-0.0430618 0.813036 
-0.0777855 0.766708 
-0.0154508 0.737764 
-0.0430618 0.813036 


-0.0157761 0.849439 
-0.0430618 0.813036 
0.0164013 0.792552 
-0.0157761 0.849439 


-0.0157761 0.849439 
-0.0494632 0.869966 
-0.0430618 0.813036 
-0.0157761 0.849439 


-0.254146 0.788797 
-0.264336 0.659983 
-0.143536 0.708283 
-0.254146 0.788797 


-0.462929 0.833434 
-0.422214 0.733292 
-0.352762 0.809881 
-0.462929 0.833434 


-0.424845 0.526717 
-0.34982 0.552819 
-0.440111 0.617532 
-0.424845 0.526717 


-0.0370713 0.666566 
-0.0154508 0.737764 
-0.0777855 0.766708 
-0.0370713 0.666566 


-0.546521 0.387985 
-0.492262 0.428343 
-0.535687 0.453414 
-0.546521 0.387985 


-0.262458 0.428862 
-0.236003 0.309349 
-0.169342 0.380659 
-0.262458 0.428862 


-0.350377 0.375015 
-0.37516 0.297348 
-0.308924 0.30306 
-0.350377 0.375015 


-0.262458 0.428862 
-0.350377 0.375015 
-0.308924 0.30306 
-0.262458 0.428862 


-0.263409 0.545939 
-0.349927 0.481571 
-0.262458 0.428862 
-0.263409 0.545939 


-0.164787 0.613759 
-0.263409 0.545939 
-0.162491 0.490087 
-0.164787 0.613759 


-0.264336 0.659983 
-0.349714 0.624068 
-0.263409 0.545939 
-0.264336 0.659983 


-0.349714 0.624068 
-0.334265 0.730105 
-0.388522 0.6724 
-0.349714 0.624068 


-0.42768 0.32767 
-0.37516 0.297348 
-0.350377 0.375015 
-0.42768 0.32767 


-0.546521 0.387985 
-0.493896 0.357602 
-0.492262 0.428343 
-0.546521 0.387985 


-0.495548 0.286105 
-0.433624 0.250353 
-0.42768 0.32767 
-0.495548 0.286105 


-0.433624 0.250353 
-0.3717 0.214601 
-0.37516 0.297348 
-0.433624 0.250353 


-0.0486294 0.559822 
-0.0370713 0.666566 
-0.164787 0.613759 
-0.0486294 0.559822 


-0.259378 0.229283 
-0.308924 0.30306 
-0.3717 0.214601 
-0.259378 0.229283 


-0.0486294 0.559822 
-0.164787 0.613759 
-0.162491 0.490087 
-0.0486294 0.559822 


-0.254146 0.788797 
-0.334265 0.730105 
-0.264336 0.659983 
-0.254146 0.788797 


-0.137744 0.870079 
-0.197438 0.916135 
-0.224343 0.855721 
-0.137744 0.870079 


-0.0933103 0.839833 
-0.137744 0.870079 
-0.150552 0.800496 
-0.0933103 0.839833 


-0.127032 0.928275 
-0.17304 0.970919 
-0.197438 0.916135 
-0.127032 0.928275 


-0.352762 0.809881 
-0.334265 0.730105 
-0.254146 0.788797 
-0.352762 0.809881 


-0.515451 0.762236 
-0.486044 0.697509 
-0.484549 0.762236 
-0.515451 0.762236 


-0.350377 0.375015 
-0.425974 0.441065 
-0.42768 0.32767 
-0.350377 0.375015 


-0.425974 0.441065 
-0.490663 0.497584 
-0.492262 0.428343 
-0.425974 0.441065 


-0.349714 0.624068 
-0.388522 0.6724 
-0.440111 0.617532 
-0.349714 0.624068 


-0.34982 0.552819 
-0.349714 0.624068 
-0.440111 0.617532 
-0.34982 0.552819 


-0.263409 0.545939 
-0.34982 0.552819 
-0.349927 0.481571 
-0.263409 0.545939 


-0.263409 0.545939 
-0.349714 0.624068 
-0.34982 0.552819 
-0.263409 0.545939 


-0.264336 0.659983 
-0.334265 0.730105 
-0.349714 0.624068 
-0.264336 0.659983 


-0.489095 0.565434 
-0.490663 0.497584 
-0.424845 0.526717 
-0.489095 0.565434 


-0.388522 0.6724 
-0.422214 0.733292 
-0.486044 0.697509 
-0.388522 0.6724 


-0.349927 0.481571 
-0.34982 0.552819 
-0.424845 0.526717 
-0.349927 0.481571 


-0.334265 0.730105 
-0.422214 0.733292 
-0.388522 0.6724 
-0.334265 0.730105 


-0.504432 0.642166 
-0.588241 0.655787 
-0.549771 0.566527 
-0.504432 0.642166 


-0.549771 0.566527 
-0.595677 0.583819 
-0.618363 0.521438 
-0.549771 0.566527 


-0.490663 0.497584 
-0.549771 0.566527 
-0.572575 0.4981 
-0.490663 0.497584 


-0.489095 0.565434 
-0.504432 0.642166 
-0.549771 0.566527 
-0.489095 0.565434 


-0.486044 0.697509 
-0.551579 0.709402 
-0.504432 0.642166 
-0.486044 0.697509 


-0.493896 0.357602 
-0.495548 0.286105 
-0.42768 0.32767 
-0.493896 0.357602 


-0.425974 0.441065 
-0.493896 0.357602 
-0.42768 0.32767 
-0.425974 0.441065 


-0.546521 0.387985 
-0.557471 0.321856 
-0.493896 0.357602 
-0.546521 0.387985 


-0.259378 0.229283 
-0.3717 0.214601 
-0.309776 0.178849 
-0.259378 0.229283 


-0.308924 0.30306 
-0.236003 0.309349 
-0.262458 0.428862 
-0.308924 0.30306 


-0.3717 0.214601 
-0.308924 0.30306 
-0.37516 0.297348 
-0.3717 0.214601 


-0.259378 0.229283 
-0.236003 0.309349 
-0.308924 0.30306 
-0.259378 0.229283 


-0.247853 0.143098 
-0.259378 0.229283 
-0.309776 0.178849 
-0.247853 0.143098 


-0.187066 0.197988 
-0.185929 0.107346 
-0.127858 0.204612 
-0.187066 0.197988 


-0.264336 0.659983 
-0.164787 0.613759 
-0.143536 0.708283 
-0.264336 0.659983 


-0.440111 0.617532 
-0.504432 0.642166 
-0.489095 0.565434 
-0.440111 0.617532 


-0.424845 0.526717 
-0.440111 0.617532 
-0.489095 0.565434 
-0.424845 0.526717 


-0.388522 0.6724 
-0.486044 0.697509 
-0.440111 0.617532 
-0.388522 0.6724 


-0.263409 0.545939 
-0.164787 0.613759 
-0.264336 0.659983 
-0.263409 0.545939 


-0.169342 0.380659 
-0.162491 0.490087 
-0.262458 0.428862 
-0.169342 0.380659 


-0.117286 0.261 
-0.169342 0.380659 
-0.236003 0.309349 
-0.117286 0.261 


-0.0486294 0.440178 
-0.162491 0.490087 
-0.169342 0.380659 
-0.0486294 0.440178 


-0.0486294 0.440178 
-0.0486294 0.559822 
-0.162491 0.490087 
-0.0486294 0.440178 


-0.0486294 0.440178 
-0.169342 0.380659 
-0.0370713 0.333434 
-0.0486294 0.440178 


-0.0863137 0.137787 
-0.127858 0.204612 
-0.185929 0.107346 
-0.0863137 0.137787 


-0.117286 0.261 
-0.0370713 0.333434 
-0.169342 0.380659 
-0.117286 0.261 


-0.259378 0.229283 
-0.187066 0.197988 
-0.236003 0.309349 
-0.259378 0.229283 


-0.127858 0.204612 
-0.0303514 0.189893 
-0.117286 0.261 
-0.127858 0.204612 


-0.187066 0.197988 
-0.127858 0.204612 
-0.117286 0.261 
-0.187066 0.197988 


-0.247853 0.143098 
-0.187066 0.197988 
-0.259378 0.229283 
-0.247853 0.143098 


-0.247853 0.143098 
-0.185929 0.107346 
-0.187066 0.197988 
-0.247853 0.143098 


-0.0741976 0.0868151 
-0.124005 0.0715944 
-0.0620814 0.0358427 
-0.0741976 0.0868151 


0.00763205 0.0497599 
-0.0741976 0.0868151 
-0.0620814 0.0358427 
0.00763205 0.0497599 


-0.0863137 0.137787 
-0.124005 0.0715944 
-0.0741976 0.0868151 
-0.0863137 0.137787 


-0.127858 0.204612 
-0.0863137 0.137787 
-0.0303514 0.189893 
-0.127858 0.204612 


-0.0370713 0.333434 
-0.117286 0.261 
-0.0154508 0.262236 
-0.0370713 0.333434 


-0.117286 0.261 
-0.236003 0.309349 
-0.187066 0.197988 
-0.117286 0.261 


-0.185929 0.107346 
-0.124005 0.0715944 
-0.0863137 0.137787 
-0.185929 0.107346 


0.00763205 0.0497599 
0.0417383 0.0952442 
-0.0222877 0.116516 
0.00763205 0.0497599 


-0.0741976 0.0868151 
0.00763205 0.0497599 
-0.0222877 0.116516 
-0.0741976 0.0868151 


-0.0207131 0.0119587 
0.0207131 0.0119587 
0.00763205 0.0497599 
-0.0207131 0.0119587 


0.0207131 0.0119587 
-0.0207131 0.0119587 
-4.44089e-16 -4.996e-16 
0.0207131 0.0119587 


0.00763205 0.0497599 
0.0207131 0.0119587 
0.0620814 0.0358427 
0.00763205 0.0497599 


0.0417383 0.0952442 
0.00763205 0.0497599 
0.0620814 0.0358427 
0.0417383 0.0952442 


0.0417383 0.0952442 
0.0620814 0.0358427 
0.124005 0.0715944 
0.0417383 0.0952442 


0.0154508 0.262236 
-0.0303514 0.189893 
0.0303514 0.189893 
0.0154508 0.262236 


0.00763205 0.0497599 
-0.0620814 0.0358427 
-0.0207131 0.0119587 
0.00763205 0.0497599 


0.0303514 0.189893 
-0.0222877 0.116516 
0.0417383 0.0952442 
0.0303514 0.189893 


-0.0863137 0.137787 
-0.0741976 0.0868151 
-0.0222877 0.116516 
-0.0863137 0.137787 


0.0154508 0.262236 
-0.0154508 0.262236 
-0.0303514 0.189893 
0.0154508 0.262236 


0.126737 0.161126 
0.0417383 0.0952442 
0.124005 0.0715944 
0.126737 0.161126 


0.126737 0.161126 
0.124005 0.0715944 
0.185929 0.107346 
0.126737 0.161126 


0.247853 0.143098 
0.186875 0.174357 
0.185929 0.107346 
0.247853 0.143098 


0.0707397 0.233893 
0.0303514 0.189893 
0.0785441 0.175509 
0.0707397 0.233893 


0.186875 0.174357 
0.126737 0.161126 
0.185929 0.107346 
0.186875 0.174357 


0.251813 0.211706 
0.186875 0.174357 
0.247853 0.143098 
0.251813 0.211706 


0.187568 0.248124 
0.130511 0.35824 
0.0962927 0.287053 
0.187568 0.248124 


0.251813 0.211706 
0.187568 0.248124 
0.186875 0.174357 
0.251813 0.211706 


0.251813 0.211706 
0.271917 0.330084 
0.187568 0.248124 
0.251813 0.211706 


0.309776 0.178849 
0.251813 0.211706 
0.247853 0.143098 
0.309776 0.178849 


0.271917 0.330084 
0.130511 0.35824 
0.187568 0.248124 
0.271917 0.330084 


0.304807 0.248813 
0.251813 0.211706 
0.309776 0.178849 
0.304807 0.248813 


0.3717 0.214601 
0.304807 0.248813 
0.309776 0.178849 
0.3717 0.214601 


0.359324 0.286987 
0.271917 0.330084 
0.304807 0.248813 
0.359324 0.286987 


0.0154508 0.262236 
0.0707397 0.233893 
0.0962927 0.287053 
0.0154508 0.262236 


-0.0303514 0.189893 
-0.0154508 0.262236 
-0.117286 0.261 
-0.0303514 0.189893 


-0.0222877 0.116516 
-0.0303514 0.189893 
-0.0863137 0.137787 
-0.0222877 0.116516 


0.0303514 0.189893 
0.0707397 0.233893 
0.0154508 0.262236 
0.0303514 0.189893 


-0.0222877 0.116516 
0.0303514 0.189893 
-0.0303514 0.189893 
-0.0222877 0.116516 


0.0785441 0.175509 
0.126737 0.161126 
0.0707397 0.233893 
0.0785441 0.175509 


0.0417383 0.0952442 
0.0785441 0.175509 
0.0303514 0.189893 
0.0417383 0.0952442 


0.0417383 0.0952442 
0.126737 0.161126 
0.0785441 0.175509 
0.0417383 0.0952442 


0.271917 0.330084 
0.251813 0.211706 
0.304807 0.248813 
0.271917 0.330084 


0.186875 0.174357 
0.187568 0.248124 
0.126737 0.161126 
0.186875 0.174357 


0.359324 0.286987 
0.3717 0.214601 
0.433624 0.250353 
0.359324 0.286987 


0.23283 0.411757 
0.271917 0.330084 
0.350377 0.375015 
0.23283 0.411757 


0.304807 0.248813 
0.3717 0.214601 
0.359324 0.286987 
0.304807 0.248813 


0.813694 1.45929 
0.807501 1.53379 
0.761363 1.48544 
0.813694 1.45929 


0.709032 1.51159 
0.761363 1.48544 
0.748719 1.56773 
0.709032 1.51159 


0.591783 1.50023 
0.669346 1.45545 
0.66025 1.53975 
0.591783 1.50023 


0.669346 1.45545 
0.70831 1.38919 
0.734837 1.43732 
0.669346 1.45545 


0.689935 1.60167 
0.709032 1.51159 
0.748719 1.56773 
0.689935 1.60167 


0.495548 0.286105 
0.493896 0.357602 
0.42768 0.32767 
0.495548 0.286105 


0.322234 0.468225 
0.350377 0.375015 
0.426511 0.40363 
0.322234 0.468225 


0.424135 0.592761 
0.375996 0.533929 
0.447817 0.508771 
0.424135 0.592761 


0.164787 0.613759 
0.293575 0.563145 
0.264336 0.659983 
0.164787 0.613759 


0.164787 0.613759 
0.162491 0.490087 
0.293575 0.563145 
0.164787 0.613759 


0.23283 0.411757 
0.350377 0.375015 
0.322234 0.468225 
0.23283 0.411757 


0.293575 0.563145 
0.162491 0.490087 
0.322234 0.468225 
0.293575 0.563145 


0.254146 0.788797 
0.16573 0.769893 
0.212014 0.718303 
0.254146 0.788797 


0.0486294 0.559822 
0.0486294 0.440178 
0.162491 0.490087 
0.0486294 0.559822 


0.271917 0.330084 
0.359324 0.286987 
0.350377 0.375015 
0.271917 0.330084 


0.130511 0.35824 
0.271917 0.330084 
0.23283 0.411757 
0.130511 0.35824 


0.187568 0.248124 
0.0707397 0.233893 
0.126737 0.161126 
0.187568 0.248124 


0.0370713 0.333434 
0.130511 0.35824 
0.0486294 0.440178 
0.0370713 0.333434 


0.0962927 0.287053 
0.0707397 0.233893 
0.187568 0.248124 
0.0962927 0.287053 


0.0370713 0.333434 
0.0962927 0.287053 
0.130511 0.35824 
0.0370713 0.333434 


0.0370713 0.333434 
0.0154508 0.262236 
0.0962927 0.287053 
0.0370713 0.333434 


0.495548 0.286105 
0.42768 0.32767 
0.433624 0.250353 
0.495548 0.286105 


0.557471 0.321856 
0.546521 0.387985 
0.493896 0.357602 
0.557471 0.321856 


0.162491 0.490087 
0.164787 0.613759 
0.0486294 0.559822 
0.162491 0.490087 


0.130511 0.35824 
0.162491 0.490087 
0.0486294 0.440178 
0.130511 0.35824 


0.23283 0.411757 
0.322234 0.468225 
0.162491 0.490087 
0.23283 0.411757 


0.335213 0.886241 
0.245587 0.968716 
0.225241 0.858483 
0.335213 0.886241 


0.462929 0.833434 
0.335213 0.886241 
0.356464 0.791717 
0.462929 0.833434 


0.451371 0.940178 
0.335638 1.04377 
0.335213 0.886241 
0.451371 0.940178 


0.451371 1.05982 
0.335638 1.04377 
0.451371 0.940178 
0.451371 1.05982 


0.0323847 0.972736 
0.0191158 0.94903 
0.0501337 0.914246 
0.0323847 0.972736 


0.0786197 0.991871 
0.0323847 0.972736 
0.0844136 0.948957 
0.0786197 0.991871 


0.0456537 0.996442 
0.02 1 
0.0323847 0.972736 
0.0456537 0.996442 


0.164787 0.613759 
0.0370713 0.666566 
0.0486294 0.559822 
0.164787 0.613759 


0.451371 0.940178 
0.335213 0.886241 
0.462929 0.833434 
0.451371 0.940178 


0.212014 0.718303 
0.16573 0.769893 
0.147238 0.690119 
0.212014 0.718303 


0.164787 0.613759 
0.212014 0.718303 
0.147238 0.690119 
0.164787 0.613759 


0.264336 0.659983 
0.301797 0.74415 
0.212014 0.718303 
0.264336 0.659983 


0.462929 0.833434 
0.356464 0.791717 
0.413454 0.747036 
0.462929 0.833434 


